{
 "cells": [
  {
   "cell_type": "code",
   "execution_count": 1,
   "metadata": {},
   "outputs": [
    {
     "name": "stderr",
     "output_type": "stream",
     "text": [
      "c:\\Users\\fulky\\anaconda3\\envs\\skripsi\\lib\\site-packages\\stingray\\utils.py:25: UserWarning: pyfftw not installed. Using standard scipy fft\n",
      "  warnings.warn(\"pyfftw not installed. Using standard scipy fft\")\n",
      "c:\\Users\\fulky\\anaconda3\\envs\\skripsi\\lib\\site-packages\\stingray\\utils.py:40: UserWarning: Numba not installed. Faking it\n",
      "  warnings.warn(\"Numba not installed. Faking it\")\n"
     ]
    }
   ],
   "source": [
    "# Importing necessary library\n",
    "import numpy as np\n",
    "import matplotlib.pyplot as plt\n",
    "from matplotlib import cm\n",
    "import pywt\n",
    "import pandas as pd\n",
    "import os\n",
    "import time\n",
    "from scipy import signal\n",
    "from stingray import lightcurve\n",
    "import sys\n",
    "from stingray import Bispectrum\n",
    "import warnings\n",
    "import csv\n",
    "warnings.filterwarnings('ignore')\n",
    "%matplotlib inline"
   ]
  },
  {
   "cell_type": "code",
   "execution_count": 2,
   "metadata": {},
   "outputs": [],
   "source": [
    "# file that will be skipped because of information loss\n",
    "zeros_test = ['co2a0000368_91.csv', 'co2c0000341_26.csv']\n",
    "zeros_train = ['co2a0000368_0.csv', 'co2a0000368_1.csv', 'co2a0000368_2.csv', 'co2a0000368_3.csv', 'co2a0000368_4.csv', 'co2a0000368_5.csv', 'co2c0000341_27.csv']"
   ]
  },
  {
   "attachments": {},
   "cell_type": "markdown",
   "metadata": {},
   "source": [
    "### Menghitung Matriks Cumulant orde ke-3"
   ]
  },
  {
   "cell_type": "code",
   "execution_count": 3,
   "metadata": {},
   "outputs": [],
   "source": [
    "def calcCumulantOrde3(df_data, t, lag):\n",
    "    # Compute the bispectrum of the signal\n",
    "    lc = lightcurve.Lightcurve(t,df_data.T)\n",
    "    bs = Bispectrum(lc, maxlag=lag)\n",
    "\n",
    "    # Plot the bispectrum using contour plots\n",
    "    # plt.contour(bs.freq, bs.freq, bs.bispec_mag)\n",
    "    # plt.xlabel('f1')\n",
    "    # plt.ylabel('f2')\n",
    "    # plt.show()\n",
    "\n",
    "    # Plot the bispectrum using mesh plots\n",
    "    # fig = plt.figure()\n",
    "    # ax = fig.add_subplot(111, projection='3d')\n",
    "    # X, Y = np.meshgrid(bs.freq, bs.freq)\n",
    "    # ax.plot_surface(X, Y, bs.bispec_mag)\n",
    "    # ax.set_xlabel('f1')\n",
    "    # ax.set_ylabel('f2')\n",
    "    # ax.set_zlabel('Bispectrum')\n",
    "    # plt.show()\n",
    "\n",
    "    return bs.bispec_mag"
   ]
  },
  {
   "attachments": {},
   "cell_type": "markdown",
   "metadata": {},
   "source": [
    "### Creating Filter Matrix"
   ]
  },
  {
   "cell_type": "code",
   "execution_count": 4,
   "metadata": {},
   "outputs": [],
   "source": [
    "def create_pyramid(x,y):\n",
    "    Pyramid = np.zeros([x,y])\n",
    "    x = Pyramid.shape[0]\n",
    "    y = Pyramid.shape[1]\n",
    "\n",
    "    for i in range(x // 2):\n",
    "        for j in range(i, x - i):\n",
    "            for h in range(i, y - i):\n",
    "                Pyramid[j, h] = i\n",
    "\n",
    "    Pyramid = Pyramid/np.max(Pyramid)\n",
    "    # fig = plt.figure()\n",
    "    # ax = plt.axes(projection=\"3d\")\n",
    "    # x2d, y2d = np.meshgrid(np.arange(y), np.arange(x))\n",
    "    # ax.plot_surface(x2d, y2d, Pyramid)\n",
    "    # ax.set_xlabel('x')\n",
    "    # ax.set_ylabel('y')\n",
    "    # ax.set_zlabel('height')\n",
    "    # print(xtrack, ytrack)\n",
    "    # plt.show()\n",
    "    return Pyramid"
   ]
  },
  {
   "attachments": {},
   "cell_type": "markdown",
   "metadata": {},
   "source": [
    "### Creating feature matrix"
   ]
  },
  {
   "cell_type": "code",
   "execution_count": 35,
   "metadata": {},
   "outputs": [],
   "source": [
    "def create_feature(bispectrum, pyramid, fil_size):\n",
    "    fsize = len(fil_size)\n",
    "    feature_matrix = np.zeros([fsize,fsize])\n",
    "    print(bispectrum.shape)\n",
    "    print(pyramid.shape)\n",
    "    xtrack = 0\n",
    "    ytrack = 0\n",
    "    for xdim in range(fsize):\n",
    "        for ydim in range(fsize):\n",
    "            x,y = fil_size[xdim], fil_size[ydim]\n",
    "            # print(xtrack, ytrack)\n",
    "            \n",
    "            feature_matrix[xdim][ydim] = np.mean(bispectrum[xtrack:xtrack+x, ytrack:ytrack+y] * pyramid[xtrack:xtrack+x, ytrack:ytrack+y])\n",
    "            ytrack = ytrack+y\n",
    "        ytrack = 0\n",
    "        xtrack = xtrack+x\n",
    "    print(feature_matrix)\n",
    "    print()\n",
    "    final_feature = feature_matrix[np.triu(np.ones_like(feature_matrix, dtype=bool))]\n",
    "\n",
    "    return final_feature\n",
    "\n",
    "    # x, y = np.meshgrid(np.arange(256), np.arange(256))\n",
    "    # z = overall\n",
    "    # z = z[:-1, :-1]\n",
    "    # z_min, z_max = -np.abs(z).max(), np.abs(z).max()\n",
    "\n",
    "    # plt.subplot()\n",
    "\n",
    "    # plt.pcolormesh(x, y, z, \n",
    "    #             cmap =cm.coolwarm, \n",
    "    #             vmin = z_min, \n",
    "    #             vmax = z_max,\n",
    "    #             edgecolors = 'face',\n",
    "    #             shading ='flat')\n",
    "\n",
    "    # plt.title('Filter')\n",
    "\n",
    "    # # set the limits of the plot\n",
    "    # # to the limits of the data\n",
    "    # plt.axis([x.min(), x.max(), y.min(), y.max()])\n",
    "\n",
    "    # plt.colorbar()\n",
    "    # plt.show()\n",
    "\n",
    "    # fig, ax = plt.subplots(subplot_kw={\"projection\": \"3d\"}, figsize=(10, 5))\n",
    "    # ax = plt.axes(projection=\"3d\")\n",
    "    # x2d, y2d = np.meshgrid(np.arange(256), np.arange(256))\n",
    "    # ax.plot_surface(x2d, y2d, overall, cmap=cm.coolwarm,\n",
    "    #                         linewidth=0, antialiased=False)\n",
    "    # ax.set_xlabel('x')\n",
    "    # ax.set_ylabel('y')\n",
    "    # ax.set_zlabel('height')\n",
    "    # plt.show()"
   ]
  },
  {
   "attachments": {},
   "cell_type": "markdown",
   "metadata": {},
   "source": [
    "### Persiapan data"
   ]
  },
  {
   "cell_type": "code",
   "execution_count": 6,
   "metadata": {},
   "outputs": [],
   "source": [
    "# Define sampling frequency\n",
    "fs = 256\n",
    "t = np.arange(0, 1, 1/fs)\n",
    "\n",
    "def get_csv_EEG(filename):\n",
    "    # Load data from CSV\n",
    "    data = np.loadtxt(filename, delimiter=\",\", skiprows=1, usecols=range(3,259))\n",
    "    channel_name = np.loadtxt(filename, delimiter=\",\", skiprows=1, usecols=1, dtype='str', encoding='utf-8')\n",
    "    \n",
    "    df_data = pd.DataFrame(data.T, columns=channel_name)\n",
    "\n",
    "    df_data = df_data.drop(columns=['X', 'Y', 'nd'])\n",
    "\n",
    "    return df_data, df_data.columns\n"
   ]
  },
  {
   "attachments": {},
   "cell_type": "markdown",
   "metadata": {},
   "source": [
    "### Perhitungan Feature Bispectrum"
   ]
  },
  {
   "cell_type": "code",
   "execution_count": 26,
   "metadata": {},
   "outputs": [],
   "source": [
    "def extract_feature(directory, lag, pyramid, fil_size):\n",
    "    recap = pd.DataFrame(columns=['Wall Time', 'CPU Time'])\n",
    "    for foldername in os.listdir(directory):\n",
    "        folder = os.path.join(directory, foldername)\n",
    "        if os.path.isdir(folder):\n",
    "            des_dir = os.path.join(directory.replace('CSV', 'bispectrum')+\"_\" + str(lag),foldername).lower()\n",
    "            files = os.listdir(folder)\n",
    "            for filename in files:\n",
    "                cpu_start = time.process_time()\n",
    "                wt_start = time.time()\n",
    "                if filename in zeros_train or filename in zeros_test:\n",
    "                    continue\n",
    "                rel_path = os.path.join(directory, foldername, filename)\n",
    "                if 'metadata' in filename.lower():\n",
    "                    continue\n",
    "                trial_number = filename.split('.')[0].split('_')[1]\n",
    "                des_file = foldername+'_'+ str(trial_number) + '_bispectrum' +'.npy'\n",
    "                if not os.path.exists(des_dir):\n",
    "                    os.makedirs(des_dir)\n",
    "                des_path = os.path.join(des_dir, des_file)\n",
    "                if os.path.exists(des_path):\n",
    "                    continue\n",
    "                df_data, channel_name = get_csv_EEG(rel_path)\n",
    "                bispectrum = []\n",
    "                for channel in channel_name:\n",
    "                    magnitude = calcCumulantOrde3(df_data[channel], t, lag)\n",
    "                    magnitude = magnitude[:256, :256]\n",
    "                    feature = create_feature(magnitude,pyramid,fil_size)\n",
    "                    bispectrum.append(feature)\n",
    "                bispectrum = np.array(bispectrum)\n",
    "                bispectrum = bispectrum.flatten()\n",
    "                np.save(des_path, bispectrum)\n",
    "                wt_end = time.time()\n",
    "                cpu_end = time.process_time()\n",
    "                wall_time = wt_end - wt_start\n",
    "                cpu_time = cpu_end - cpu_start\n",
    "                recap_temp = pd.DataFrame([[wall_time, cpu_time]],columns=recap.columns)\n",
    "                recap = pd.concat([recap, recap_temp], ignore_index=True)\n",
    "                # pd.DataFrame(RWB.T).to_csv(des_path, index=False)\n",
    "    recap_dir = os.path.join('./logs/Execution',directory.split('/')[1])\n",
    "    if not os.path.exists(recap_dir):\n",
    "        os.makedirs(recap_dir)\n",
    "    recap_path = os.path.join(recap_dir,'recap_bispectrum'+str(lag)+'.csv')\n",
    "    recap.to_csv(recap_path)    \n"
   ]
  },
  {
   "attachments": {},
   "cell_type": "markdown",
   "metadata": {},
   "source": [
    "### Test"
   ]
  },
  {
   "cell_type": "code",
   "execution_count": null,
   "metadata": {},
   "outputs": [],
   "source": [
    "def extract_test(filename, lag, pyramid, fil_size):\n",
    "    \n",
    "    if filename in zeros_train or filename in zeros_test:\n",
    "        pass\n",
    "    if 'metadata' in filename.lower():\n",
    "        pass\n",
    "    \n",
    "    df_data, channel_name = get_csv_EEG(filename)\n",
    "    bispectrum = []\n",
    "    for channel in channel_name:\n",
    "        magnitude = calcCumulantOrde3(df_data[channel], t, lag)\n",
    "        feature = create_feature(magnitude,pyramid,fil_size)\n",
    "        bispectrum.append(feature)\n",
    "    bispectrum = np.array(bispectrum)\n",
    "    bispectrum = bispectrum.flatten()\n",
    "    return bispectrum\n",
    "                \n"
   ]
  },
  {
   "cell_type": "code",
   "execution_count": null,
   "metadata": {},
   "outputs": [],
   "source": [
    "bis_dim = 256\n",
    "filter_dim = 5\n",
    "big_fil_size = bis_dim //2\n",
    "fil_size = [big_fil_size // (2 ** i) for i in range(filter_dim)]\n",
    "fil_size[-1] = fil_size[-2] \n",
    "pyramid = np.zeros([bis_dim,bis_dim])\n",
    "xtrack, ytrack = 0,0\n",
    "for xdim in range(filter_dim):\n",
    "    for ydim in range(filter_dim):\n",
    "        x,y = fil_size[xdim], fil_size[ydim]\n",
    "        pyramid[xtrack:xtrack+x, ytrack:ytrack+y] = create_pyramid(x,y)\n",
    "        ytrack = ytrack+y\n",
    "    ytrack = 0\n",
    "    xtrack = xtrack+x\n",
    "bs = extract_test('../SMNI_CMI_TEST_CSV\\co2a0000364\\co2a0000364_30.csv', 256, pyramid, fil_size)\n",
    "bs.shape"
   ]
  },
  {
   "attachments": {},
   "cell_type": "markdown",
   "metadata": {},
   "source": [
    "### Main Program"
   ]
  },
  {
   "cell_type": "code",
   "execution_count": 36,
   "metadata": {},
   "outputs": [
    {
     "name": "stdout",
     "output_type": "stream",
     "text": [
      "(256, 256)\n",
      "(256, 256)\n",
      "[[1.20406174e+01 1.07220901e+01 2.17905510e+01 7.58466472e+01\n",
      "  1.35272827e+02]\n",
      " [1.07220901e+01 1.15492295e+01 3.13091476e+01 1.33039713e+02\n",
      "  3.58106574e+02]\n",
      " [2.17905510e+01 3.13091476e+01 7.60589050e+01 7.17343262e+02\n",
      "  1.51823932e+03]\n",
      " [7.58466472e+01 1.33039713e+02 7.17343262e+02 1.74852998e+03\n",
      "  8.14834722e+03]\n",
      " [1.35272827e+02 3.58106574e+02 1.51823932e+03 8.14834722e+03\n",
      "  3.41023370e+04]]\n",
      "\n",
      "(256, 256)\n",
      "(256, 256)\n",
      "[[1.88693579e+01 1.74839159e+01 3.65898420e+01 1.07466114e+02\n",
      "  1.96825910e+02]\n",
      " [1.74839159e+01 1.88189385e+01 5.50555445e+01 1.95770713e+02\n",
      "  5.11054782e+02]\n",
      " [3.65898420e+01 5.50555445e+01 1.31422434e+02 8.18241253e+02\n",
      "  1.91067959e+03]\n",
      " [1.07466114e+02 1.95770713e+02 8.18241253e+02 2.34637790e+03\n",
      "  9.23868238e+03]\n",
      " [1.96825910e+02 5.11054782e+02 1.91067959e+03 9.23868238e+03\n",
      "  4.23391643e+04]]\n",
      "\n",
      "(256, 256)\n",
      "(256, 256)\n",
      "[[2.74370082e+00 3.53833511e+00 8.27418987e+00 1.10408282e+01\n",
      "  1.22169983e+01]\n",
      " [3.53833511e+00 1.61470517e+01 5.77644668e+01 1.83242027e+02\n",
      "  6.99758982e+02]\n",
      " [8.27418987e+00 5.77644668e+01 3.76798435e+02 2.01723662e+03\n",
      "  2.13367293e+03]\n",
      " [1.10408282e+01 1.83242027e+02 2.01723662e+03 1.59615080e+03\n",
      "  2.09546363e+03]\n",
      " [1.22169983e+01 6.99758982e+02 2.13367293e+03 2.09546363e+03\n",
      "  3.56855192e+03]]\n",
      "\n",
      "(256, 256)\n",
      "(256, 256)\n",
      "[[  15.06108367   17.32610478   33.80840236   52.33856277   43.39855571]\n",
      " [  17.32610478   60.24786587  165.3168292   677.8265228  1933.83660324]\n",
      " [  33.80840236  165.3168292  1103.31585891 6042.90930404 4540.819675  ]\n",
      " [  52.33856277  677.8265228  6042.90930404 4515.56643651 4014.04930665]\n",
      " [  43.39855571 1933.83660324 4540.819675   4014.04930665 5395.5535489 ]]\n",
      "\n",
      "(256, 256)\n",
      "(256, 256)\n",
      "[[2.74486041e+00 2.41452958e+00 4.87384864e+00 2.16827200e+01\n",
      "  2.73152125e+01]\n",
      " [2.41452958e+00 2.95296111e+00 7.91993557e+00 4.59526913e+01\n",
      "  8.69866369e+01]\n",
      " [4.87384864e+00 7.91993557e+00 1.99949425e+01 2.64425739e+02\n",
      "  3.99232365e+02]\n",
      " [2.16827200e+01 4.59526913e+01 2.64425739e+02 7.24891538e+02\n",
      "  3.05808547e+03]\n",
      " [2.73152125e+01 8.69866369e+01 3.99232365e+02 3.05808547e+03\n",
      "  6.71333314e+03]]\n",
      "\n",
      "(256, 256)\n",
      "(256, 256)\n",
      "[[4.10721915e+00 3.84725163e+00 7.52406092e+00 2.86285614e+01\n",
      "  3.68373973e+01]\n",
      " [3.84725163e+00 5.08796580e+00 1.31583941e+01 6.34969799e+01\n",
      "  1.37303614e+02]\n",
      " [7.52406092e+00 1.31583941e+01 3.56032336e+01 3.29108427e+02\n",
      "  4.77443005e+02]\n",
      " [2.86285614e+01 6.34969799e+01 3.29108427e+02 9.02674500e+02\n",
      "  3.28136643e+03]\n",
      " [3.68373973e+01 1.37303614e+02 4.77443005e+02 3.28136643e+03\n",
      "  7.46629484e+03]]\n",
      "\n",
      "(256, 256)\n",
      "(256, 256)\n",
      "[[1.40813099e+00 1.36361000e+00 2.54840414e+00 1.21066219e+01\n",
      "  1.34590063e+01]\n",
      " [1.36361000e+00 1.63943007e+00 4.33105278e+00 2.56106218e+01\n",
      "  4.54224209e+01]\n",
      " [2.54840414e+00 4.33105278e+00 1.08094785e+01 1.39128422e+02\n",
      "  1.72006080e+02]\n",
      " [1.21066219e+01 2.56106218e+01 1.39128422e+02 3.57655531e+02\n",
      "  1.61504591e+03]\n",
      " [1.34590063e+01 4.54224209e+01 1.72006080e+02 1.61504591e+03\n",
      "  2.70802720e+03]]\n",
      "\n",
      "(256, 256)\n",
      "(256, 256)\n",
      "[[1.72110625e+00 1.75090705e+00 4.19363334e+00 1.15685889e+01\n",
      "  1.07446525e+01]\n",
      " [1.75090705e+00 3.02933597e+00 9.44655861e+00 3.47935390e+01\n",
      "  8.95817556e+01]\n",
      " [4.19363334e+00 9.44655861e+00 4.15809144e+01 3.00519693e+02\n",
      "  3.15190094e+02]\n",
      " [1.15685889e+01 3.47935390e+01 3.00519693e+02 6.54945999e+02\n",
      "  1.36060569e+03]\n",
      " [1.07446525e+01 8.95817556e+01 3.15190094e+02 1.36060569e+03\n",
      "  1.92645093e+03]]\n",
      "\n",
      "(256, 256)\n",
      "(256, 256)\n",
      "[[8.91118363e-01 7.19030683e-01 2.69909486e+00 6.98466943e+00\n",
      "  7.49772197e+00]\n",
      " [7.19030683e-01 1.08914928e+00 5.12255751e+00 1.85382132e+01\n",
      "  4.10484171e+01]\n",
      " [2.69909486e+00 5.12255751e+00 3.39017811e+01 2.96547515e+02\n",
      "  4.74336883e+02]\n",
      " [6.98466943e+00 1.85382132e+01 2.96547515e+02 6.60662749e+02\n",
      "  1.44308069e+03]\n",
      " [7.49772197e+00 4.10484171e+01 4.74336883e+02 1.44308069e+03\n",
      "  2.22454377e+03]]\n",
      "\n",
      "(256, 256)\n",
      "(256, 256)\n",
      "[[6.80487610e-01 8.73066466e-01 2.20424162e+00 4.16192470e+00\n",
      "  3.99507137e+00]\n",
      " [8.73066466e-01 1.97260169e+00 6.42583482e+00 1.95551722e+01\n",
      "  4.93253779e+01]\n",
      " [2.20424162e+00 6.42583482e+00 3.57790184e+01 2.20119693e+02\n",
      "  2.28214267e+02]\n",
      " [4.16192470e+00 1.95551722e+01 2.20119693e+02 2.69170178e+02\n",
      "  3.50228657e+02]\n",
      " [3.99507137e+00 4.93253779e+01 2.28214267e+02 3.50228657e+02\n",
      "  7.40163958e+02]]\n",
      "\n",
      "(256, 256)\n",
      "(256, 256)\n",
      "[[1.20304760e-01 2.21823941e-01 8.35023470e-01 1.09923572e+00\n",
      "  1.12506474e+00]\n",
      " [2.21823941e-01 1.36515714e+00 7.10901872e+00 3.33005137e+01\n",
      "  1.02510374e+02]\n",
      " [8.35023470e-01 7.10901872e+00 9.05957205e+01 5.33330623e+02\n",
      "  6.33177182e+02]\n",
      " [1.09923572e+00 3.33005137e+01 5.33330623e+02 6.68579559e+02\n",
      "  6.85058915e+02]\n",
      " [1.12506474e+00 1.02510374e+02 6.33177182e+02 6.85058915e+02\n",
      "  1.26795505e+03]]\n",
      "\n",
      "(256, 256)\n",
      "(256, 256)\n",
      "[[  0.38054766   0.40979609   0.9080199    2.68139547   2.7017851 ]\n",
      " [  0.40979609   0.50347376   1.45028396   5.35193286   9.64070012]\n",
      " [  0.9080199    1.45028396   3.9258823   32.13454601  38.22526751]\n",
      " [  2.68139547   5.35193286  32.13454601  71.82663018 177.85087269]\n",
      " [  2.7017851    9.64070012  38.22526751 177.85087269 272.47934656]]\n",
      "\n",
      "(256, 256)\n",
      "(256, 256)\n",
      "[[6.97661112e-02 1.02379523e-01 2.74409552e-01 8.94881019e-01\n",
      "  8.20136217e-01]\n",
      " [1.02379523e-01 2.89575815e-01 9.17519618e-01 4.44274792e+00\n",
      "  9.26152016e+00]\n",
      " [2.74409552e-01 9.17519618e-01 5.41268376e+00 5.34890577e+01\n",
      "  6.04830426e+01]\n",
      " [8.94881019e-01 4.44274792e+00 5.34890577e+01 9.81683854e+01\n",
      "  2.64583427e+02]\n",
      " [8.20136217e-01 9.26152016e+00 6.04830426e+01 2.64583427e+02\n",
      "  2.72884852e+02]]\n",
      "\n",
      "(256, 256)\n",
      "(256, 256)\n",
      "[[4.07891883e-01 7.35998873e-01 2.19229274e+00 2.65316144e+00\n",
      "  4.66552817e+00]\n",
      " [7.35998873e-01 3.86961759e+00 1.61048077e+01 5.17284461e+01\n",
      "  3.47143910e+02]\n",
      " [2.19229274e+00 1.61048077e+01 1.96013528e+02 8.76029676e+02\n",
      "  1.49044123e+03]\n",
      " [2.65316144e+00 5.17284461e+01 8.76029676e+02 8.74964722e+02\n",
      "  1.80623879e+03]\n",
      " [4.66552817e+00 3.47143910e+02 1.49044123e+03 1.80623879e+03\n",
      "  4.36590478e+03]]\n",
      "\n",
      "(256, 256)\n",
      "(256, 256)\n",
      "[[1.38461679e-01 2.32391852e-01 6.72427736e-01 1.75416356e+00\n",
      "  2.27581284e+00]\n",
      " [2.32391852e-01 1.87311633e+00 7.13219184e+00 5.07692551e+01\n",
      "  3.04024010e+02]\n",
      " [6.72427736e-01 7.13219184e+00 7.55873472e+01 9.28156768e+02\n",
      "  1.16149679e+03]\n",
      " [1.75416356e+00 5.07692551e+01 9.28156768e+02 1.31545480e+03\n",
      "  2.79383593e+03]\n",
      " [2.27581284e+00 3.04024010e+02 1.16149679e+03 2.79383593e+03\n",
      "  8.00279647e+03]]\n",
      "\n",
      "(256, 256)\n",
      "(256, 256)\n",
      "[[1.38626504e-01 2.91071468e-01 1.05491859e+00 2.37539417e+00\n",
      "  4.05854953e+00]\n",
      " [2.91071468e-01 2.79347147e+00 1.18973451e+01 1.41784524e+02\n",
      "  7.53153487e+02]\n",
      " [1.05491859e+00 1.18973451e+01 2.71159170e+02 2.00332042e+03\n",
      "  3.77297020e+03]\n",
      " [2.37539417e+00 1.41784524e+02 2.00332042e+03 3.81716612e+03\n",
      "  1.00878575e+04]\n",
      " [4.05854953e+00 7.53153487e+02 3.77297020e+03 1.00878575e+04\n",
      "  3.77396461e+04]]\n",
      "\n",
      "(256, 256)\n",
      "(256, 256)\n",
      "[[ 23.03199062  25.9207902   43.96348766  80.90003044  86.49703589]\n",
      " [ 25.9207902   16.41241687  32.23310488  62.68845178  61.524743  ]\n",
      " [ 43.96348766  32.23310488  32.96722432  92.22903553 116.07911926]\n",
      " [ 80.90003044  62.68845178  92.22903553 154.14339798 226.7704713 ]\n",
      " [ 86.49703589  61.524743   116.07911926 226.7704713  411.20788555]]\n",
      "\n",
      "(256, 256)\n",
      "(256, 256)\n",
      "[[ 15.12301176  17.71292148  25.32571397  60.00946907  67.24124304]\n",
      " [ 17.71292148  13.21342333  21.09537498  58.2572691   60.50028667]\n",
      " [ 25.32571397  21.09537498  22.30038279  58.95026586  87.9130033 ]\n",
      " [ 60.00946907  58.2572691   58.95026586 139.22133885 248.16534829]\n",
      " [ 67.24124304  60.50028667  87.9130033  248.16534829 588.61833002]]\n",
      "\n",
      "(256, 256)\n",
      "(256, 256)\n",
      "[[  18.86456003   23.78882542   32.87783127   95.54828352  147.93478816]\n",
      " [  23.78882542   25.97156596   60.51986325  175.96072992  264.63962975]\n",
      " [  32.87783127   60.51986325   70.2065605   232.50591275  381.50949136]\n",
      " [  95.54828352  175.96072992  232.50591275  492.40059894 1379.60352144]\n",
      " [ 147.93478816  264.63962975  381.50949136 1379.60352144 3683.68159762]]\n",
      "\n",
      "(256, 256)\n",
      "(256, 256)\n",
      "[[  31.99165845   43.34904805   59.48630704  122.24936324  202.47873978]\n",
      " [  43.34904805   35.61014379   53.8947264   137.60625915  228.35035491]\n",
      " [  59.48630704   53.8947264    65.44586414  182.92172823  324.52225372]\n",
      " [ 122.24936324  137.60625915  182.92172823  324.75584538  960.55270449]\n",
      " [ 202.47873978  228.35035491  324.52225372  960.55270449 2263.20913589]]\n",
      "\n",
      "(256, 256)\n",
      "(256, 256)\n",
      "[[5.94141043e-01 6.26369565e-01 1.23951811e+00 4.27687926e+00\n",
      "  5.45258207e+00]\n",
      " [6.26369565e-01 7.46721209e-01 2.07513727e+00 8.60976602e+00\n",
      "  1.57308964e+01]\n",
      " [1.23951811e+00 2.07513727e+00 5.01141884e+00 4.42270067e+01\n",
      "  5.80400692e+01]\n",
      " [4.27687926e+00 8.60976602e+00 4.42270067e+01 1.01291467e+02\n",
      "  2.66818998e+02]\n",
      " [5.45258207e+00 1.57308964e+01 5.80400692e+01 2.66818998e+02\n",
      "  6.28745470e+02]]\n",
      "\n",
      "(256, 256)\n",
      "(256, 256)\n",
      "[[4.67086128e-02 5.82075312e-02 2.56395271e-01 6.98253942e-01\n",
      "  1.11534130e+00]\n",
      " [5.82075312e-02 9.11191969e-02 5.39232124e-01 1.75919161e+00\n",
      "  7.08543369e+00]\n",
      " [2.56395271e-01 5.39232124e-01 2.56407524e+00 3.58423436e+01\n",
      "  7.33082389e+01]\n",
      " [6.98253942e-01 1.75919161e+00 3.58423436e+01 7.08322098e+01\n",
      "  2.44336319e+02]\n",
      " [1.11534130e+00 7.08543369e+00 7.33082389e+01 2.44336319e+02\n",
      "  6.46561943e+02]]\n",
      "\n",
      "(256, 256)\n",
      "(256, 256)\n",
      "[[8.70548596e-01 8.21642701e-01 2.31406783e+00 8.05102044e+00\n",
      "  1.19406861e+01]\n",
      " [8.21642701e-01 1.23958817e+00 4.79212627e+00 1.99812413e+01\n",
      "  5.61351150e+01]\n",
      " [2.31406783e+00 4.79212627e+00 2.03647726e+01 2.09028067e+02\n",
      "  3.38174204e+02]\n",
      " [8.05102044e+00 1.99812413e+01 2.09028067e+02 4.89696328e+02\n",
      "  1.77618616e+03]\n",
      " [1.19406861e+01 5.61351150e+01 3.38174204e+02 1.77618616e+03\n",
      "  4.35066005e+03]]\n",
      "\n",
      "(256, 256)\n",
      "(256, 256)\n",
      "[[5.60607761e-01 4.40267385e-01 1.57094080e+00 4.35578203e+00\n",
      "  7.56795166e+00]\n",
      " [4.40267385e-01 8.15697044e-01 3.58289958e+00 1.18744279e+01\n",
      "  5.30295642e+01]\n",
      " [1.57094080e+00 3.58289958e+00 1.90102212e+01 2.32978873e+02\n",
      "  4.36460042e+02]\n",
      " [4.35578203e+00 1.18744279e+01 2.32978873e+02 4.29961231e+02\n",
      "  1.40650049e+03]\n",
      " [7.56795166e+00 5.30295642e+01 4.36460042e+02 1.40650049e+03\n",
      "  3.34766829e+03]]\n",
      "\n",
      "(256, 256)\n",
      "(256, 256)\n",
      "[[2.99606046e-01 3.51160789e-01 9.68687126e-01 3.54837557e+00\n",
      "  4.79461530e+00]\n",
      " [3.51160789e-01 7.05129419e-01 2.55939484e+00 1.33677259e+01\n",
      "  4.01377852e+01]\n",
      " [9.68687126e-01 2.55939484e+00 1.41936412e+01 1.59880417e+02\n",
      "  2.20377264e+02]\n",
      " [3.54837557e+00 1.33677259e+01 1.59880417e+02 2.96423439e+02\n",
      "  9.36125762e+02]\n",
      " [4.79461530e+00 4.01377852e+01 2.20377264e+02 9.36125762e+02\n",
      "  2.43440032e+03]]\n",
      "\n",
      "(256, 256)\n",
      "(256, 256)\n",
      "[[8.81481169e-01 9.05150928e-01 2.94637886e+00 5.91408169e+00\n",
      "  1.05492507e+01]\n",
      " [9.05150928e-01 2.70023267e+00 1.19011274e+01 6.07500884e+01\n",
      "  2.61196363e+02]\n",
      " [2.94637886e+00 1.19011274e+01 1.17251400e+02 7.88685405e+02\n",
      "  1.61546537e+03]\n",
      " [5.91408169e+00 6.07500884e+01 7.88685405e+02 1.33889275e+03\n",
      "  3.81737770e+03]\n",
      " [1.05492507e+01 2.61196363e+02 1.61546537e+03 3.81737770e+03\n",
      "  9.53837060e+03]]\n",
      "\n",
      "(256, 256)\n",
      "(256, 256)\n",
      "[[1.01557123e+00 1.04944594e+00 2.84409596e+00 8.30181548e+00\n",
      "  1.53654087e+01]\n",
      " [1.04944594e+00 2.24252426e+00 7.59863507e+00 3.59593185e+01\n",
      "  1.73754591e+02]\n",
      " [2.84409596e+00 7.59863507e+00 5.16688274e+01 4.40708965e+02\n",
      "  8.40824375e+02]\n",
      " [8.30181548e+00 3.59593185e+01 4.40708965e+02 8.56337721e+02\n",
      "  3.51593311e+03]\n",
      " [1.53654087e+01 1.73754591e+02 8.40824375e+02 3.51593311e+03\n",
      "  1.03385882e+04]]\n",
      "\n",
      "(256, 256)\n",
      "(256, 256)\n",
      "[[1.45208002e+00 1.35814940e+00 3.60734818e+00 1.14760386e+01\n",
      "  1.76357594e+01]\n",
      " [1.35814940e+00 2.71026735e+00 9.76023072e+00 5.28083750e+01\n",
      "  1.68738393e+02]\n",
      " [3.60734818e+00 9.76023072e+00 6.09308922e+01 5.95588158e+02\n",
      "  8.30990877e+02]\n",
      " [1.14760386e+01 5.28083750e+01 5.95588158e+02 9.60191837e+02\n",
      "  3.50983958e+03]\n",
      " [1.76357594e+01 1.68738393e+02 8.30990877e+02 3.50983958e+03\n",
      "  6.54546552e+03]]\n",
      "\n",
      "(256, 256)\n",
      "(256, 256)\n",
      "[[2.33376828e+00 2.16233459e+00 5.04143777e+00 1.94325275e+01\n",
      "  2.55658155e+01]\n",
      " [2.16233459e+00 3.21897033e+00 1.07333151e+01 5.20385545e+01\n",
      "  1.31480497e+02]\n",
      " [5.04143777e+00 1.07333151e+01 4.31435498e+01 4.49655956e+02\n",
      "  5.56843046e+02]\n",
      " [1.94325275e+01 5.20385545e+01 4.49655956e+02 9.16088296e+02\n",
      "  3.53006000e+03]\n",
      " [2.55658155e+01 1.31480497e+02 5.56843046e+02 3.53006000e+03\n",
      "  6.81361421e+03]]\n",
      "\n",
      "(256, 256)\n",
      "(256, 256)\n",
      "[[1.44980809e-01 2.14206033e-01 8.21152486e-01 2.20122345e+00\n",
      "  3.84131378e+00]\n",
      " [2.14206033e-01 1.26738281e+00 6.14963310e+00 2.41469946e+01\n",
      "  2.73034788e+02]\n",
      " [8.21152486e-01 6.14963310e+00 7.31662990e+01 8.44488561e+02\n",
      "  1.39945823e+03]\n",
      " [2.20122345e+00 2.41469946e+01 8.44488561e+02 1.35628362e+03\n",
      "  4.51014599e+03]\n",
      " [3.84131378e+00 2.73034788e+02 1.39945823e+03 4.51014599e+03\n",
      "  8.28234477e+03]]\n",
      "\n",
      "(256, 256)\n",
      "(256, 256)\n",
      "[[2.00772846e+00 1.90964119e+00 4.70879313e+00 1.58746157e+01\n",
      "  2.52218101e+01]\n",
      " [1.90964119e+00 3.46597137e+00 1.24788391e+01 5.80519185e+01\n",
      "  2.23942082e+02]\n",
      " [4.70879313e+00 1.24788391e+01 6.25766197e+01 6.00427665e+02\n",
      "  9.01358638e+02]\n",
      " [1.58746157e+01 5.80519185e+01 6.00427665e+02 1.10783080e+03\n",
      "  4.82919466e+03]\n",
      " [2.52218101e+01 2.23942082e+02 9.01358638e+02 4.82919466e+03\n",
      "  8.59865902e+03]]\n",
      "\n",
      "(256, 256)\n",
      "(256, 256)\n",
      "[[7.92802429e+00 7.27906876e+00 1.47476634e+01 2.91418754e+01\n",
      "  4.73666783e+01]\n",
      " [7.27906876e+00 1.85130911e+01 5.23325559e+01 2.47328316e+02\n",
      "  9.81432385e+02]\n",
      " [1.47476634e+01 5.23325559e+01 3.38826526e+02 2.03835375e+03\n",
      "  3.35238574e+03]\n",
      " [2.91418754e+01 2.47328316e+02 2.03835375e+03 1.97795259e+03\n",
      "  5.51688838e+03]\n",
      " [4.73666783e+01 9.81432385e+02 3.35238574e+03 5.51688838e+03\n",
      "  1.59019692e+04]]\n",
      "\n",
      "(256, 256)\n",
      "(256, 256)\n",
      "[[1.22877906e+01 1.28195226e+01 2.59570037e+01 6.39771089e+01\n",
      "  9.07043957e+01]\n",
      " [1.28195226e+01 2.26892499e+01 6.40970739e+01 2.57331260e+02\n",
      "  7.44566088e+02]\n",
      " [2.59570037e+01 6.40970739e+01 2.84503598e+02 1.35632044e+03\n",
      "  2.09860546e+03]\n",
      " [6.39771089e+01 2.57331260e+02 1.35632044e+03 2.62612898e+03\n",
      "  7.02601110e+03]\n",
      " [9.07043957e+01 7.44566088e+02 2.09860546e+03 7.02601110e+03\n",
      "  1.95356371e+04]]\n",
      "\n",
      "(256, 256)\n",
      "(256, 256)\n",
      "[[1.11976783e+00 1.46655715e+00 3.07322363e+00 6.22477781e+00\n",
      "  5.43966063e+00]\n",
      " [1.46655715e+00 4.78466269e+00 1.25753456e+01 5.82091057e+01\n",
      "  1.33448004e+02]\n",
      " [3.07322363e+00 1.25753456e+01 9.11882260e+01 5.65650510e+02\n",
      "  6.61992440e+02]\n",
      " [6.22477781e+00 5.82091057e+01 5.65650510e+02 7.18270455e+02\n",
      "  1.18652211e+03]\n",
      " [5.43966063e+00 1.33448004e+02 6.61992440e+02 1.18652211e+03\n",
      "  1.58936350e+03]]\n",
      "\n",
      "(256, 256)\n",
      "(256, 256)\n",
      "[[8.42040357e-01 1.11009723e+00 2.19972680e+00 3.91289684e+00\n",
      "  3.26806545e+00]\n",
      " [1.11009723e+00 7.12164973e+00 2.12302141e+01 1.39244743e+02\n",
      "  4.53152290e+02]\n",
      " [2.19972680e+00 2.12302141e+01 3.17290821e+02 1.17973853e+03\n",
      "  9.25687192e+02]\n",
      " [3.91289684e+00 1.39244743e+02 1.17973853e+03 1.34802410e+03\n",
      "  1.69282726e+03]\n",
      " [3.26806545e+00 4.53152290e+02 9.25687192e+02 1.69282726e+03\n",
      "  2.28225360e+03]]\n",
      "\n",
      "(256, 256)\n",
      "(256, 256)\n",
      "[[1.18221036e+00 3.98961496e+00 4.98739147e+00 9.93198154e+00\n",
      "  1.02017034e+01]\n",
      " [3.98961496e+00 5.08507960e+01 1.06434842e+02 9.13979592e+02\n",
      "  1.83153497e+03]\n",
      " [4.98739147e+00 1.06434842e+02 9.61298189e+02 2.34497679e+03\n",
      "  2.11202411e+03]\n",
      " [9.93198154e+00 9.13979592e+02 2.34497679e+03 3.26488055e+03\n",
      "  3.20069591e+03]\n",
      " [1.02017034e+01 1.83153497e+03 2.11202411e+03 3.20069591e+03\n",
      "  6.18628890e+03]]\n",
      "\n",
      "(256, 256)\n",
      "(256, 256)\n",
      "[[   4.00083129    4.8900614     7.82265269   12.82874111    9.57117897]\n",
      " [   4.8900614    21.28865134   51.21732649  377.2752722   433.07182788]\n",
      " [   7.82265269   51.21732649  479.19021368 1221.57840448  940.38643581]\n",
      " [  12.82874111  377.2752722  1221.57840448 1310.65252687 1106.05972902]\n",
      " [   9.57117897  433.07182788  940.38643581 1106.05972902 1480.58180423]]\n",
      "\n",
      "(256, 256)\n",
      "(256, 256)\n",
      "[[1.47806687e+01 1.46894802e+01 2.42520143e+01 8.97979420e+01\n",
      "  1.49699952e+02]\n",
      " [1.46894802e+01 1.84911429e+01 3.95923207e+01 2.28864950e+02\n",
      "  5.24624798e+02]\n",
      " [2.42520143e+01 3.95923207e+01 1.23396489e+02 6.86754914e+02\n",
      "  1.42786811e+03]\n",
      " [8.97979420e+01 2.28864950e+02 6.86754914e+02 2.25741136e+03\n",
      "  1.00477154e+04]\n",
      " [1.49699952e+02 5.24624798e+02 1.42786811e+03 1.00477154e+04\n",
      "  3.70692766e+04]]\n",
      "\n",
      "(256, 256)\n",
      "(256, 256)\n",
      "[[  0.51582204   0.80114938   1.1252544    2.7099944    2.06833492]\n",
      " [  0.80114938   2.03031921   3.17728532  18.82836318  28.53208555]\n",
      " [  1.1252544    3.17728532  18.41075584  60.40093556  49.69466181]\n",
      " [  2.7099944   18.82836318  60.40093556 100.23428961 141.99337242]\n",
      " [  2.06833492  28.53208555  49.69466181 141.99337242 199.06309108]]\n",
      "\n",
      "(256, 256)\n",
      "(256, 256)\n",
      "[[7.24032618e-02 1.43014244e-01 4.05949134e-01 8.37091607e-01\n",
      "  4.99024888e-01]\n",
      " [1.43014244e-01 7.66351313e-01 2.63474933e+00 1.80597857e+01\n",
      "  2.88930997e+01]\n",
      " [4.05949134e-01 2.63474933e+00 3.30490509e+01 1.89559763e+02\n",
      "  1.28765931e+02]\n",
      " [8.37091607e-01 1.80597857e+01 1.89559763e+02 2.99976730e+02\n",
      "  3.18098145e+02]\n",
      " [4.99024888e-01 2.88930997e+01 1.28765931e+02 3.18098145e+02\n",
      "  2.31139868e+02]]\n",
      "\n",
      "(256, 256)\n",
      "(256, 256)\n",
      "[[1.23859386e-01 2.22000526e-01 6.61000803e-01 1.28835670e+00\n",
      "  1.75873526e+00]\n",
      " [2.22000526e-01 8.05758082e-01 3.28729328e+00 1.09595736e+01\n",
      "  4.13474686e+01]\n",
      " [6.61000803e-01 3.28729328e+00 2.90575408e+01 1.50198840e+02\n",
      "  2.35807467e+02]\n",
      " [1.28835670e+00 1.09595736e+01 1.50198840e+02 2.26042058e+02\n",
      "  4.34533983e+02]\n",
      " [1.75873526e+00 4.13474686e+01 2.35807467e+02 4.34533983e+02\n",
      "  1.10235884e+03]]\n",
      "\n",
      "(256, 256)\n",
      "(256, 256)\n",
      "[[1.01043827e-01 1.32973322e-01 5.84279689e-01 1.48692080e+00\n",
      "  2.06895430e+00]\n",
      " [1.32973322e-01 4.00786394e-01 2.23751536e+00 8.87679882e+00\n",
      "  2.77302593e+01]\n",
      " [5.84279689e-01 2.23751536e+00 1.56741654e+01 1.50442970e+02\n",
      "  2.68352090e+02]\n",
      " [1.48692080e+00 8.87679882e+00 1.50442970e+02 3.64100520e+02\n",
      "  7.11242695e+02]\n",
      " [2.06895430e+00 2.77302593e+01 2.68352090e+02 7.11242695e+02\n",
      "  2.35522043e+03]]\n",
      "\n",
      "(256, 256)\n",
      "(256, 256)\n",
      "[[   2.08255578    2.03827691    4.30143218   13.95285095   13.9429143 ]\n",
      " [   2.03827691    2.90426592    8.39463715   34.43692859   63.62579978]\n",
      " [   4.30143218    8.39463715   24.24573987  195.90248497  223.77291404]\n",
      " [  13.95285095   34.43692859  195.90248497  489.01860237 1195.59947872]\n",
      " [  13.9429143    63.62579978  223.77291404 1195.59947872 1836.69035672]]\n",
      "\n",
      "(256, 256)\n",
      "(256, 256)\n",
      "[[6.79944428e-01 6.50532328e-01 1.50933098e+00 6.91341252e+00\n",
      "  7.18688607e+00]\n",
      " [6.50532328e-01 9.00081242e-01 2.63907265e+00 1.73474449e+01\n",
      "  3.67388340e+01]\n",
      " [1.50933098e+00 2.63907265e+00 9.50735488e+00 1.61732462e+02\n",
      "  2.27797807e+02]\n",
      " [6.91341252e+00 1.73474449e+01 1.61732462e+02 4.29324976e+02\n",
      "  1.58861491e+03]\n",
      " [7.18688607e+00 3.67388340e+01 2.27797807e+02 1.58861491e+03\n",
      "  2.48200810e+03]]\n",
      "\n",
      "(256, 256)\n",
      "(256, 256)\n",
      "[[2.43392030e-01 2.70915046e-01 1.25077128e+00 2.17869890e+00\n",
      "  3.77285428e+00]\n",
      " [2.70915046e-01 7.91019862e-01 4.47661042e+00 1.47594221e+01\n",
      "  1.10141144e+02]\n",
      " [1.25077128e+00 4.47661042e+00 4.55618896e+01 4.41818343e+02\n",
      "  9.28051938e+02]\n",
      " [2.17869890e+00 1.47594221e+01 4.41818343e+02 7.22333255e+02\n",
      "  1.94617329e+03]\n",
      " [3.77285428e+00 1.10141144e+02 9.28051938e+02 1.94617329e+03\n",
      "  5.12932453e+03]]\n",
      "\n",
      "(256, 256)\n",
      "(256, 256)\n",
      "[[1.86755445e+00 1.70994700e+00 4.83955115e+00 1.15534579e+01\n",
      "  2.09728360e+01]\n",
      " [1.70994700e+00 3.59529742e+00 1.41183486e+01 5.06119907e+01\n",
      "  2.43807568e+02]\n",
      " [4.83955115e+00 1.41183486e+01 7.32811928e+01 6.86583514e+02\n",
      "  1.28423215e+03]\n",
      " [1.15534579e+01 5.06119907e+01 6.86583514e+02 1.06633604e+03\n",
      "  3.68515645e+03]\n",
      " [2.09728360e+01 2.43807568e+02 1.28423215e+03 3.68515645e+03\n",
      "  1.11289862e+04]]\n",
      "\n",
      "(256, 256)\n",
      "(256, 256)\n",
      "[[1.58109814e+00 1.41398810e+00 3.18980299e+00 1.51883066e+01\n",
      "  1.74805216e+01]\n",
      " [1.41398810e+00 1.80178093e+00 5.64295514e+00 3.47206186e+01\n",
      "  6.86554026e+01]\n",
      " [3.18980299e+00 5.64295514e+00 1.67507159e+01 2.41709163e+02\n",
      "  3.27233693e+02]\n",
      " [1.51883066e+01 3.47206186e+01 2.41709163e+02 7.63037088e+02\n",
      "  2.93933593e+03]\n",
      " [1.74805216e+01 6.86554026e+01 3.27233693e+02 2.93933593e+03\n",
      "  5.89719524e+03]]\n",
      "\n",
      "(256, 256)\n",
      "(256, 256)\n",
      "[[1.64850859e+00 1.82845303e+00 4.01819461e+00 9.13766563e+00\n",
      "  1.28439035e+01]\n",
      " [1.82845303e+00 3.09797504e+00 9.00870123e+00 2.94744200e+01\n",
      "  7.33778284e+01]\n",
      " [4.01819461e+00 9.00870123e+00 3.52780987e+01 1.75921037e+02\n",
      "  2.86611758e+02]\n",
      " [9.13766563e+00 2.94744200e+01 1.75921037e+02 3.36446129e+02\n",
      "  7.47853578e+02]\n",
      " [1.28439035e+01 7.33778284e+01 2.86611758e+02 7.47853578e+02\n",
      "  1.69293381e+03]]\n",
      "\n",
      "(256, 256)\n",
      "(256, 256)\n",
      "[[2.60225364e-01 2.91421723e-01 7.24845189e-01 1.71364007e+00\n",
      "  3.05189325e+00]\n",
      " [2.91421723e-01 7.19978259e-01 2.31328301e+00 9.79169873e+00\n",
      "  3.13859063e+01]\n",
      " [7.24845189e-01 2.31328301e+00 1.38755610e+01 9.13628655e+01\n",
      "  1.68916171e+02]\n",
      " [1.71364007e+00 9.79169873e+00 9.13628655e+01 1.55530004e+02\n",
      "  4.48390917e+02]\n",
      " [3.05189325e+00 3.13859063e+01 1.68916171e+02 4.48390917e+02\n",
      "  1.00611451e+03]]\n",
      "\n",
      "(256, 256)\n",
      "(256, 256)\n",
      "[[7.61874813e-01 8.80661017e-01 1.91505419e+00 6.51030542e+00\n",
      "  1.00134722e+01]\n",
      " [8.80661017e-01 2.00718744e+00 6.23336145e+00 3.33143143e+01\n",
      "  1.25302596e+02]\n",
      " [1.91505419e+00 6.23336145e+00 3.83322336e+01 3.01214655e+02\n",
      "  4.29780759e+02]\n",
      " [6.51030542e+00 3.33143143e+01 3.01214655e+02 6.00623776e+02\n",
      "  2.21508536e+03]\n",
      " [1.00134722e+01 1.25302596e+02 4.29780759e+02 2.21508536e+03\n",
      "  5.07218958e+03]]\n",
      "\n",
      "(256, 256)\n",
      "(256, 256)\n",
      "[[1.52278072e+00 1.32523044e+00 3.87907894e+00 1.06092448e+01\n",
      "  1.65273224e+01]\n",
      " [1.32523044e+00 2.47311000e+00 9.79266705e+00 3.83188396e+01\n",
      "  1.29050077e+02]\n",
      " [3.87907894e+00 9.79266705e+00 5.28505437e+01 4.80988809e+02\n",
      "  8.03312542e+02]\n",
      " [1.06092448e+01 3.83188396e+01 4.80988809e+02 8.74157308e+02\n",
      "  2.69538285e+03]\n",
      " [1.65273224e+01 1.29050077e+02 8.03312542e+02 2.69538285e+03\n",
      "  5.08579072e+03]]\n",
      "\n",
