{
 "cells": [
  {
   "cell_type": "code",
   "execution_count": 10,
   "metadata": {},
   "outputs": [],
   "source": [
    "import tensorflow as tf\n",
    "from tensorflow import keras\n",
    "from tensorflow.keras import layers\n",
    "from sklearn import preprocessing, model_selection\n",
    "import csv\n",
    "import pandas as pd\n",
    "import os\n",
    "import numpy as np\n",
    "import matplotlib.pyplot as plt\n",
    "import json\n",
    "import random"
   ]
  },
  {
   "attachments": {},
   "cell_type": "markdown",
   "metadata": {},
   "source": [
    "### Data Preparation"
   ]
  },
  {
   "cell_type": "code",
   "execution_count": 11,
   "metadata": {},
   "outputs": [],
   "source": [
    "def get_dataset(directory):\n",
    "    data = pd.DataFrame(columns=['data', 'label'])\n",
    "    for foldername in os.listdir(directory):\n",
    "        folder = os.path.join(directory, foldername)\n",
    "        if os.path.isdir(folder):\n",
    "            files = os.listdir(folder)\n",
    "            for filename in files:\n",
    "                rel_path = os.path.join(directory, foldername, filename)\n",
    "                temp_label = filename.split('.')[0].split('_')[0]\n",
    "                if 'a' in temp_label:\n",
    "                    label ='alcoholic'\n",
    "                else:\n",
    "                    label = 'control'\n",
    "\n",
    "                temp_data = pd.DataFrame(columns=['data', 'label'], index=[0])\n",
    "\n",
    "                rwb = np.load(rel_path)\n",
    "                rwb.astype(np.float64).reshape(-1,1)\n",
    "                # with open(rel_path, 'r') as file:\n",
    "                    \n",
    "                #     rwb = list(csv.reader(file, delimiter=\",\"))[0]\n",
    "                #     # scaler = preprocessing.MinMaxScaler()\n",
    "                #     rwb = np.asarray(rwb).astype(np.float64).reshape(-1,1)\n",
    "                #     # print(rwb)\n",
    "                                \n",
    "                temp_data['data'][0] = rwb\n",
    "                temp_data['label'] = label\n",
    "                \n",
    "                # decomp = np.arange(0, 366)\n",
    "                # plt.plot(decomp, df_data)\n",
    "                # plt.xlabel('Dimension Number')\n",
    "                # plt.ylabel('Wavelet Bispectrum Energy')\n",
    "                # plt.show()\n",
    "                data = pd.concat([data, temp_data], ignore_index=True)\n",
    "    label_map = {\"alcoholic\": 1, \"control\": 0}\n",
    "    data['label_map'] = data['label'].map(label_map)      \n",
    "    return data"
   ]
  },
  {
   "cell_type": "code",
   "execution_count": 12,
   "metadata": {},
   "outputs": [],
   "source": [
    "def get_batch(path):\n",
    "    # loading extracted feature & label\n",
    "    x = get_dataset(path)\n",
    "\n",
    "    scaler = preprocessing.MinMaxScaler()\n",
    "\n",
    "    series_list = [\n",
    "        i for i in x[\"data\"]\n",
    "    ]\n",
    "\n",
    "    # series_list = series_list.reshape(-1, 366, 1)\n",
    "\n",
    "    labels_list = [i for i in x[\"label_map\"]]\n",
    "        \n",
    "    # y = keras.utils.to_categorical(y[0])\n",
    "    dataset = tf.data.Dataset.from_tensor_slices((series_list,labels_list))\n",
    "    dataset = dataset.shuffle(len(labels_list)).batch(4)\n",
    "\n",
    "    return dataset"
   ]
  },
  {
   "cell_type": "code",
   "execution_count": 29,
   "metadata": {},
   "outputs": [
    {
     "name": "stdout",
     "output_type": "stream",
     "text": [
      "(<tf.Tensor: shape=(4, 61, 202, 202), dtype=float64, numpy=\n",
      "array([[[[7.02069345e+00, 1.26272822e+00, 6.01542578e+00, ...,\n",
      "          1.42673452e+03, 1.52723850e+03, 5.91582323e+01],\n",
      "         [1.26272822e+00, 8.56548988e-02, 1.19124614e+00, ...,\n",
      "          1.15682572e+02, 6.83021804e+01, 2.99935498e-10],\n",
      "         [6.01542578e+00, 1.19124614e+00, 6.56957914e+00, ...,\n",
      "          3.63337153e+02, 3.44378335e-10, 6.83021804e+01],\n",
      "         ...,\n",
      "         [1.42673452e+03, 1.15682572e+02, 3.63337153e+02, ...,\n",
      "          1.94209303e+00, 7.35765995e+00, 4.31001958e-01],\n",
      "         [1.52723850e+03, 6.83021804e+01, 3.58581220e-10, ...,\n",
      "          7.35765995e+00, 6.56957914e+00, 1.19124614e+00],\n",
      "         [5.91582323e+01, 2.53213423e-10, 6.83021804e+01, ...,\n",
      "          4.31001958e-01, 1.19124614e+00, 8.56548988e-02]],\n",
      "\n",
      "        [[9.04211102e+00, 9.89095889e+00, 8.78760348e+00, ...,\n",
      "          2.13678487e+03, 1.88278043e+03, 7.88055160e+02],\n",
      "         [9.89095889e+00, 1.22668650e+01, 1.46487086e+01, ...,\n",
      "          2.02707738e+03, 1.06952295e+03, 3.33999076e-11],\n",
      "         [8.78760348e+00, 1.46487086e+01, 1.01265170e+01, ...,\n",
      "          8.24893018e+02, 2.51617558e-11, 1.06952295e+03],\n",
      "         ...,\n",
      "         [2.13678487e+03, 2.02707738e+03, 8.24893018e+02, ...,\n",
      "          9.43549212e+00, 8.71624132e+00, 8.03336052e+00],\n",
      "         [1.88278043e+03, 1.06952295e+03, 1.80977038e-11, ...,\n",
      "          8.71624132e+00, 1.01265170e+01, 1.46487086e+01],\n",
      "         [7.88055160e+02, 3.37016773e-11, 1.06952295e+03, ...,\n",
      "          8.03336052e+00, 1.46487086e+01, 1.22668650e+01]],\n",
      "\n",
      "        [[2.25322151e+01, 3.74337019e+00, 6.61159951e-01, ...,\n",
      "          1.67902867e+03, 1.78308938e+03, 2.46311768e+02],\n",
      "         [3.74337019e+00, 2.15928030e-02, 2.56491752e+00, ...,\n",
      "          1.77914949e+02, 2.56440990e+02, 1.58890130e-12],\n",
      "         [6.61159951e-01, 2.56491752e+00, 1.38323661e+01, ...,\n",
      "          7.83473461e+02, 2.32093172e-12, 2.56440990e+02],\n",
      "         ...,\n",
      "         [1.67902867e+03, 1.77914949e+02, 7.83473461e+02, ...,\n",
      "          5.21301216e+00, 1.42872613e+01, 1.32566417e+00],\n",
      "         [1.78308938e+03, 2.56440990e+02, 1.95804810e-12, ...,\n",
      "          1.42872613e+01, 1.38323661e+01, 2.56491752e+00],\n",
      "         [2.46311768e+02, 3.20028877e-12, 2.56440990e+02, ...,\n",
      "          1.32566417e+00, 2.56491752e+00, 2.15928030e-02]],\n",
      "\n",
      "        ...,\n",
      "\n",
      "        [[8.05246070e-03, 2.01341673e-02, 3.55557050e-02, ...,\n",
      "          8.95564899e-01, 1.48642793e+00, 6.48829107e-01],\n",
      "         [2.01341673e-02, 3.08696674e-02, 1.38556363e-01, ...,\n",
      "          3.18990972e+00, 3.62884706e+00, 9.40640719e-14],\n",
      "         [3.55557050e-02, 1.38556363e-01, 3.50650084e-01, ...,\n",
      "          8.96975421e+00, 1.53310034e-13, 3.62884706e+00],\n",
      "         ...,\n",
      "         [8.95564899e-01, 3.18990972e+00, 8.96975421e+00, ...,\n",
      "          2.17389739e-01, 1.88086957e-01, 1.34545799e-01],\n",
      "         [1.48642793e+00, 3.62884706e+00, 7.70390989e-14, ...,\n",
      "          1.88086957e-01, 3.50650084e-01, 1.38556363e-01],\n",
      "         [6.48829107e-01, 2.31278844e-13, 3.62884706e+00, ...,\n",
      "          1.34545799e-01, 1.38556363e-01, 3.08696674e-02]],\n",
      "\n",
      "        [[2.89148013e-01, 7.68089862e-02, 2.70629294e-02, ...,\n",
      "          7.43378804e-01, 8.84156799e+00, 5.60581616e+00],\n",
      "         [7.68089862e-02, 8.82427186e-03, 3.26592740e-02, ...,\n",
      "          2.42305705e+00, 3.23179953e+00, 3.33327495e-13],\n",
      "         [2.70629294e-02, 3.26592740e-02, 8.63548678e-02, ...,\n",
      "          2.71628094e+00, 1.71820922e-13, 3.23179953e+00],\n",
      "         ...,\n",
      "         [7.43378804e-01, 2.42305705e+00, 2.71628094e+00, ...,\n",
      "          4.10101348e-02, 4.53791274e-02, 4.10502316e-02],\n",
      "         [8.84156799e+00, 3.23179953e+00, 1.06399123e-13, ...,\n",
      "          4.53791274e-02, 8.63548678e-02, 3.26592740e-02],\n",
      "         [5.60581616e+00, 1.62752071e-13, 3.23179953e+00, ...,\n",
      "          4.10502316e-02, 3.26592740e-02, 8.82427186e-03]],\n",
      "\n",
      "        [[4.92256777e-02, 2.67035102e-02, 2.73613429e-02, ...,\n",
      "          3.95099286e+00, 6.85002521e-01, 4.28325093e-01],\n",
      "         [2.67035102e-02, 2.22919706e-03, 8.51237582e-04, ...,\n",
      "          2.46345919e-01, 3.89572896e-02, 2.02037688e-13],\n",
      "         [2.73613429e-02, 8.51237582e-04, 3.31488433e-03, ...,\n",
      "          1.71961365e-01, 2.68717143e-13, 3.89572896e-02],\n",
      "         ...,\n",
      "         [3.95099286e+00, 2.46345919e-01, 1.71961365e-01, ...,\n",
      "          4.55284854e-02, 5.68162731e-03, 1.31070925e-02],\n",
      "         [6.85002521e-01, 3.89572896e-02, 2.35603025e-13, ...,\n",
      "          5.68162731e-03, 3.31488433e-03, 8.51237582e-04],\n",
      "         [4.28325093e-01, 1.95657116e-13, 3.89572896e-02, ...,\n",
      "          1.31070925e-02, 8.51237582e-04, 2.22919706e-03]]],\n",
      "\n",
      "\n",
      "       [[[2.02536540e+01, 2.07197143e+01, 1.29163808e+01, ...,\n",
      "          5.35237352e+03, 6.57865901e+03, 5.34290264e+03],\n",
      "         [2.07197143e+01, 8.11462882e+00, 1.82176199e+01, ...,\n",
      "          5.51191109e+03, 4.72195435e+03, 8.79673818e-10],\n",
      "         [1.29163808e+01, 1.82176199e+01, 1.71539135e+01, ...,\n",
      "          6.29736394e+03, 1.60809388e-09, 4.72195435e+03],\n",
      "         ...,\n",
      "         [5.35237352e+03, 5.51191109e+03, 6.29736394e+03, ...,\n",
      "          2.37056793e+01, 2.11525280e+01, 1.62623581e+01],\n",
      "         [6.57865901e+03, 4.72195435e+03, 1.83054987e-09, ...,\n",
      "          2.11525280e+01, 1.71539135e+01, 1.82176199e+01],\n",
      "         [5.34290264e+03, 1.16868075e-09, 4.72195435e+03, ...,\n",
      "          1.62623581e+01, 1.82176199e+01, 8.11462882e+00]],\n",
      "\n",
      "        [[4.24999013e+01, 4.83920427e+01, 2.72461291e+01, ...,\n",
      "          1.15332311e+04, 4.92406115e+03, 1.22515150e+04],\n",
      "         [4.83920427e+01, 1.32192050e+02, 4.35259540e+01, ...,\n",
      "          2.98018626e+04, 9.20548124e+03, 1.74262671e-09],\n",
      "         [2.72461291e+01, 4.35259540e+01, 2.00362017e+01, ...,\n",
      "          1.14832796e+04, 1.56100978e-09, 9.20548124e+03],\n",
      "         ...,\n",
      "         [1.15332311e+04, 2.98018626e+04, 1.14832796e+04, ...,\n",
      "          1.66185963e+02, 3.81103449e+01, 1.61390760e+02],\n",
      "         [4.92406115e+03, 9.20548124e+03, 1.67175324e-09, ...,\n",
      "          3.81103449e+01, 2.00362017e+01, 4.35259540e+01],\n",
      "         [1.22515150e+04, 1.68557489e-09, 9.20548124e+03, ...,\n",
      "          1.61390760e+02, 4.35259540e+01, 1.32192050e+02]],\n",
      "\n",
      "        [[1.07603148e+01, 3.96791706e+00, 6.90132281e+00, ...,\n",
      "          3.19273250e+02, 1.92221814e+03, 5.07331168e+02],\n",
      "         [3.96791706e+00, 6.13008130e-01, 5.19377818e+00, ...,\n",
      "          1.09268825e+02, 5.42072301e+02, 1.00352790e-10],\n",
      "         [6.90132281e+00, 5.19377818e+00, 2.17503436e+00, ...,\n",
      "          3.46910086e+02, 1.28019907e-10, 5.42072301e+02],\n",
      "         ...,\n",
      "         [3.19273250e+02, 1.09268825e+02, 3.46910086e+02, ...,\n",
      "          1.22297560e-01, 2.24955539e+00, 1.15716170e-01],\n",
      "         [1.92221814e+03, 5.42072301e+02, 1.39689868e-10, ...,\n",
      "          2.24955539e+00, 2.17503436e+00, 5.19377818e+00],\n",
      "         [5.07331168e+02, 1.10925922e-10, 5.42072301e+02, ...,\n",
      "          1.15716170e-01, 5.19377818e+00, 6.13008130e-01]],\n",
      "\n",
      "        ...,\n",
      "\n",
      "        [[3.38465622e-01, 1.70234178e-01, 4.51535942e-01, ...,\n",
      "          4.32700333e+01, 8.16452496e+01, 8.60377231e+01],\n",
      "         [1.70234178e-01, 6.05001183e-01, 5.82431304e-01, ...,\n",
      "          7.88152169e+01, 8.85199558e+01, 8.22698536e-12],\n",
      "         [4.51535942e-01, 5.82431304e-01, 3.50313005e-01, ...,\n",
      "          6.37758777e+01, 5.04048830e-12, 8.85199558e+01],\n",
      "         ...,\n",
      "         [4.32700333e+01, 7.88152169e+01, 6.37758777e+01, ...,\n",
      "          3.92602398e-01, 1.73300573e-01, 3.28687460e-01],\n",
      "         [8.16452496e+01, 8.85199558e+01, 4.13186855e-12, ...,\n",
      "          1.73300573e-01, 3.50313005e-01, 5.82431304e-01],\n",
      "         [8.60377231e+01, 6.76215393e-12, 8.85199558e+01, ...,\n",
      "          3.28687460e-01, 5.82431304e-01, 6.05001183e-01]],\n",
      "\n",
      "        [[1.61193999e-01, 2.27203806e-01, 3.00852407e-01, ...,\n",
      "          6.82285689e+01, 9.01215795e+01, 5.03128840e+01],\n",
      "         [2.27203806e-01, 1.21677354e-01, 2.17222451e-01, ...,\n",
      "          7.66072787e+01, 6.87277854e+01, 8.47083415e-12],\n",
      "         [3.00852407e-01, 2.17222451e-01, 4.84056480e-01, ...,\n",
      "          1.44449927e+02, 5.82091423e-12, 6.87277854e+01],\n",
      "         ...,\n",
      "         [6.82285689e+01, 7.66072787e+01, 1.44449927e+02, ...,\n",
      "          1.44851128e+00, 9.50935723e-01, 3.01220234e-01],\n",
      "         [9.01215795e+01, 6.87277854e+01, 4.14446435e-12, ...,\n",
      "          9.50935723e-01, 4.84056480e-01, 2.17222451e-01],\n",
      "         [5.03128840e+01, 9.21173060e-12, 6.87277854e+01, ...,\n",
      "          3.01220234e-01, 2.17222451e-01, 1.21677354e-01]],\n",
      "\n",
      "        [[1.64786247e-02, 1.67599976e-02, 1.90844865e-02, ...,\n",
      "          2.22220183e+00, 3.46881157e+00, 2.76558721e+00],\n",
      "         [1.67599976e-02, 1.97520218e-02, 3.70014318e-02, ...,\n",
      "          3.77074603e+00, 3.82261681e+00, 2.19048093e-12],\n",
      "         [1.90844865e-02, 3.70014318e-02, 1.08945379e-02, ...,\n",
      "          4.01491412e+00, 1.89856063e-12, 3.82261681e+00],\n",
      "         ...,\n",
      "         [2.22220183e+00, 3.77074603e+00, 4.01491412e+00, ...,\n",
      "          3.17099288e-02, 3.92037875e-02, 8.56804979e-03],\n",
      "         [3.46881157e+00, 3.82261681e+00, 1.90978361e-12, ...,\n",
      "          3.92037875e-02, 1.08945379e-02, 3.70014318e-02],\n",
      "         [2.76558721e+00, 2.23472323e-12, 3.82261681e+00, ...,\n",
      "          8.56804979e-03, 3.70014318e-02, 1.97520218e-02]]],\n",
      "\n",
      "\n",
      "       [[[7.72570917e+00, 9.26469900e+00, 5.15580167e+00, ...,\n",
      "          1.17948927e+03, 6.00433691e+02, 4.67590854e+02],\n",
      "         [9.26469900e+00, 1.65948368e+01, 1.07964461e+01, ...,\n",
      "          1.97255872e+03, 3.93684886e+02, 1.85699369e-11],\n",
      "         [5.15580167e+00, 1.07964461e+01, 4.10935780e+00, ...,\n",
      "          4.01824899e+02, 2.01605788e-11, 3.93684886e+02],\n",
      "         ...,\n",
      "         [1.17948927e+03, 1.97255872e+03, 4.01824899e+02, ...,\n",
      "          2.66508839e+01, 6.84585568e+00, 1.60345254e+01],\n",
      "         [6.00433691e+02, 3.93684886e+02, 1.95231416e-11, ...,\n",
      "          6.84585568e+00, 4.10935780e+00, 1.07964461e+01],\n",
      "         [4.67590854e+02, 1.80219648e-11, 3.93684886e+02, ...,\n",
      "          1.60345254e+01, 1.07964461e+01, 1.65948368e+01]],\n",
      "\n",
      "        [[2.62519735e+00, 6.92092440e+00, 1.26994489e+01, ...,\n",
      "          1.51647255e+03, 1.68096432e+03, 3.25910164e+02],\n",
      "         [6.92092440e+00, 3.60640247e+00, 7.16721211e+00, ...,\n",
      "          8.39520507e+02, 3.75309613e+02, 2.22311691e-11],\n",
      "         [1.26994489e+01, 7.16721211e+00, 1.13800567e+01, ...,\n",
      "          6.60044453e+02, 3.99529783e-12, 3.75309613e+02],\n",
      "         ...,\n",
      "         [1.51647255e+03, 8.39520507e+02, 6.60044453e+02, ...,\n",
      "          1.25156745e+01, 6.21556208e+00, 4.93543522e+00],\n",
      "         [1.68096432e+03, 3.75309613e+02, 4.59594289e-12, ...,\n",
      "          6.21556208e+00, 1.13800567e+01, 7.16721211e+00],\n",
      "         [3.25910164e+02, 1.81814686e-11, 3.75309613e+02, ...,\n",
      "          4.93543522e+00, 7.16721211e+00, 3.60640247e+00]],\n",
      "\n",
      "        [[5.22560660e+00, 2.27055802e+01, 1.01896512e+01, ...,\n",
      "          1.58014354e+03, 5.14569636e+02, 5.59664723e+02],\n",
      "         [2.27055802e+01, 6.55499004e+01, 2.35573045e+01, ...,\n",
      "          5.27231503e+03, 7.96211323e+02, 5.72719594e-12],\n",
      "         [1.01896512e+01, 2.35573045e+01, 1.38419429e+01, ...,\n",
      "          1.26815643e+03, 2.58231273e-12, 7.96211323e+02],\n",
      "         ...,\n",
      "         [1.58014354e+03, 5.27231503e+03, 1.26815643e+03, ...,\n",
      "          1.44051982e+02, 2.85086128e+01, 9.96905136e+01],\n",
      "         [5.14569636e+02, 7.96211323e+02, 3.53602112e-12, ...,\n",
      "          2.85086128e+01, 1.38419429e+01, 2.35573045e+01],\n",
      "         [5.59664723e+02, 4.10297672e-12, 7.96211323e+02, ...,\n",
      "          9.96905136e+01, 2.35573045e+01, 6.55499004e+01]],\n",
      "\n",
      "        ...,\n",
      "\n",
      "        [[6.69227905e-01, 6.28844234e-01, 4.89712516e-01, ...,\n",
      "          5.97937965e+00, 2.42800117e+01, 1.40112851e+01],\n",
      "         [6.28844234e-01, 1.18221805e-01, 3.31811323e-01, ...,\n",
      "          5.20666360e+00, 1.55857799e+01, 7.65961652e-13],\n",
      "         [4.89712516e-01, 3.31811323e-01, 1.05779879e+00, ...,\n",
      "          1.38446756e+01, 1.07194793e-13, 1.55857799e+01],\n",
      "         ...,\n",
      "         [5.97937965e+00, 5.20666360e+00, 1.38446756e+01, ...,\n",
      "          2.26575034e-01, 4.00373137e-01, 2.03921551e-01],\n",
      "         [2.42800117e+01, 1.55857799e+01, 2.34797340e-13, ...,\n",
      "          4.00373137e-01, 1.05779879e+00, 3.31811323e-01],\n",
      "         [1.40112851e+01, 7.19197514e-13, 1.55857799e+01, ...,\n",
      "          2.03921551e-01, 3.31811323e-01, 1.18221805e-01]],\n",
      "\n",
      "        [[9.79351137e-01, 1.27694060e+00, 1.18827930e+00, ...,\n",
      "          1.50771520e+01, 3.61347588e+01, 1.55569061e+01],\n",
      "         [1.27694060e+00, 1.08931492e+00, 1.77471942e+00, ...,\n",
      "          3.41436887e+01, 2.12352438e+01, 2.76903678e-13],\n",
      "         [1.18827930e+00, 1.77471942e+00, 5.29310204e-02, ...,\n",
      "          2.18880772e+01, 5.07034176e-13, 2.12352438e+01],\n",
      "         ...,\n",
      "         [1.50771520e+01, 3.41436887e+01, 2.18880772e+01, ...,\n",
      "          7.55984014e-01, 7.00991165e-01, 3.66405110e-02],\n",
      "         [3.61347588e+01, 2.12352438e+01, 4.76066947e-13, ...,\n",
      "          7.00991165e-01, 5.29310204e-02, 1.77471942e+00],\n",
      "         [1.55569061e+01, 3.86168078e-13, 2.12352438e+01, ...,\n",
      "          3.66405110e-02, 1.77471942e+00, 1.08931492e+00]],\n",
      "\n",
      "        [[3.29909309e-02, 3.19554247e-02, 4.11442179e-03, ...,\n",
      "          2.11364428e+00, 1.21011351e-01, 3.09845089e-01],\n",
      "         [3.19554247e-02, 1.53267845e-02, 5.61823862e-04, ...,\n",
      "          7.74288839e-01, 3.16434211e-02, 5.72837969e-14],\n",
      "         [4.11442179e-03, 5.61823862e-04, 4.84407156e-04, ...,\n",
      "          5.43523191e-02, 5.18689666e-14, 3.16434211e-02],\n",
      "         ...,\n",
      "         [2.11364428e+00, 7.74288839e-01, 5.43523191e-02, ...,\n",
      "          6.78015695e-02, 8.01603121e-03, 3.03492961e-02],\n",
      "         [1.21011351e-01, 3.16434211e-02, 5.81610368e-14, ...,\n",
      "          8.01603121e-03, 4.84407156e-04, 5.61823862e-04],\n",
      "         [3.09845089e-01, 5.77752724e-14, 3.16434211e-02, ...,\n",
      "          3.03492961e-02, 5.61823862e-04, 1.53267845e-02]]],\n",
      "\n",
      "\n",
      "       [[[6.04430393e+01, 7.70015083e+01, 8.18051587e+01, ...,\n",
      "          7.51696619e+03, 8.79998881e+03, 7.53234121e+03],\n",
      "         [7.70015083e+01, 7.68462196e+01, 9.36474437e+01, ...,\n",
      "          1.02313452e+04, 7.78348203e+03, 8.40871993e-11],\n",
      "         [8.18051587e+01, 9.36474437e+01, 5.18008046e+01, ...,\n",
      "          9.63346955e+03, 1.86533969e-11, 7.78348203e+03],\n",
      "         ...,\n",
      "         [7.51696619e+03, 1.02313452e+04, 9.63346955e+03, ...,\n",
      "          1.00753181e+02, 8.21151094e+01, 5.82831722e+01],\n",
      "         [8.79998881e+03, 7.78348203e+03, 2.05925791e-11, ...,\n",
      "          8.21151094e+01, 5.18008046e+01, 9.36474437e+01],\n",
      "         [7.53234121e+03, 6.48014975e-12, 7.78348203e+03, ...,\n",
      "          5.82831722e+01, 9.36474437e+01, 7.68462196e+01]],\n",
      "\n",
      "        [[1.50213401e+00, 2.95356000e+00, 1.04110838e+00, ...,\n",
      "          4.09938364e+02, 2.41793687e+02, 6.38575951e+02],\n",
      "         [2.95356000e+00, 8.83827874e+00, 7.30037815e-01, ...,\n",
      "          1.25169197e+03, 5.19309696e+02, 1.59681475e-10],\n",
      "         [1.04110838e+00, 7.30037815e-01, 6.72187205e-01, ...,\n",
      "          3.16670192e+02, 1.21466821e-10, 5.19309696e+02],\n",
      "         ...,\n",
      "         [4.09938364e+02, 1.25169197e+03, 3.16670192e+02, ...,\n",
      "          4.97224356e+00, 1.81843484e+00, 4.27886789e+00],\n",
      "         [2.41793687e+02, 5.19309696e+02, 1.40444349e-10, ...,\n",
      "          1.81843484e+00, 6.72187205e-01, 7.30037815e-01],\n",
      "         [6.38575951e+02, 1.28562752e-10, 5.19309696e+02, ...,\n",
      "          4.27886789e+00, 7.30037815e-01, 8.83827874e+00]],\n",
      "\n",
      "        [[1.20733254e+01, 6.80160885e+00, 1.57375665e+01, ...,\n",
      "          1.14228173e+03, 2.05982978e+03, 4.21159134e+02],\n",
      "         [6.80160885e+00, 2.73936207e+00, 1.29211255e+01, ...,\n",
      "          7.67297734e+02, 5.95679069e+02, 1.84328667e-11],\n",
      "         [1.57375665e+01, 1.29211255e+01, 1.84064324e+01, ...,\n",
      "          1.27477360e+03, 1.12269890e-11, 5.95679069e+02],\n",
      "         ...,\n",
      "         [1.14228173e+03, 7.67297734e+02, 1.27477360e+03, ...,\n",
      "          1.13034352e+01, 1.92187395e+01, 4.84770394e+00],\n",
      "         [2.05982978e+03, 5.95679069e+02, 1.03107715e-11, ...,\n",
      "          1.92187395e+01, 1.84064324e+01, 1.29211255e+01],\n",
      "         [4.21159134e+02, 1.71645511e-11, 5.95679069e+02, ...,\n",
      "          4.84770394e+00, 1.29211255e+01, 2.73936207e+00]],\n",
      "\n",
      "        ...,\n",
      "\n",
      "        [[4.73859159e-01, 4.51192813e-01, 6.62602334e-01, ...,\n",
      "          2.16123014e+01, 5.84244518e+01, 1.24487110e+01],\n",
      "         [4.51192813e-01, 1.47162713e-01, 8.36137857e-01, ...,\n",
      "          2.87882817e+01, 2.71786944e+01, 1.57274448e-13],\n",
      "         [6.62602334e-01, 8.36137857e-01, 1.52550246e+00, ...,\n",
      "          6.02982714e+01, 5.37281326e-13, 2.71786944e+01],\n",
      "         ...,\n",
      "         [2.16123014e+01, 2.87882817e+01, 6.02982714e+01, ...,\n",
      "          4.19952135e-02, 2.35546443e+00, 3.44294276e-01],\n",
      "         [5.84244518e+01, 2.71786944e+01, 6.65688170e-13, ...,\n",
      "          2.35546443e+00, 1.52550246e+00, 8.36137857e-01],\n",
      "         [1.24487110e+01, 4.17372266e-13, 2.71786944e+01, ...,\n",
      "          3.44294276e-01, 8.36137857e-01, 1.47162713e-01]],\n",
      "\n",
      "        [[7.34867737e-01, 6.70256593e-01, 3.03930881e-01, ...,\n",
      "          3.26366398e+01, 3.69296588e+01, 3.23261668e+01],\n",
      "         [6.70256593e-01, 2.95297935e-01, 2.54488414e-01, ...,\n",
      "          6.03231571e+01, 3.51663801e+01, 7.38807954e-13],\n",
      "         [3.03930881e-01, 2.54488414e-01, 3.14983228e-01, ...,\n",
      "          5.91222363e+01, 4.05580928e-13, 3.51663801e+01],\n",
      "         ...,\n",
      "         [3.26366398e+01, 6.03231571e+01, 5.91222363e+01, ...,\n",
      "          7.33777242e-01, 9.66921988e-01, 4.72958180e-01],\n",
      "         [3.69296588e+01, 3.51663801e+01, 3.16306651e-13, ...,\n",
      "          9.66921988e-01, 3.14983228e-01, 2.54488414e-01],\n",
      "         [3.23261668e+01, 6.08661484e-14, 3.51663801e+01, ...,\n",
      "          4.72958180e-01, 2.54488414e-01, 2.95297935e-01]],\n",
      "\n",
      "        [[1.49293046e-01, 8.81637869e-02, 1.63867231e-01, ...,\n",
      "          3.58239608e+00, 1.15771338e+01, 2.13704713e+00],\n",
      "         [8.81637869e-02, 2.23967372e-02, 5.62006995e-02, ...,\n",
      "          2.11517933e+00, 2.08313353e+00, 2.58588809e-13],\n",
      "         [1.63867231e-01, 5.62006995e-02, 9.83115011e-02, ...,\n",
      "          2.78464997e+00, 3.54693289e-13, 2.08313353e+00],\n",
      "         ...,\n",
      "         [3.58239608e+00, 2.11517933e+00, 2.78464997e+00, ...,\n",
      "          2.25741448e-02, 3.13346510e-02, 1.84266954e-02],\n",
      "         [1.15771338e+01, 2.08313353e+00, 4.09181075e-13, ...,\n",
      "          3.13346510e-02, 9.83115011e-02, 5.62006995e-02],\n",
      "         [2.13704713e+00, 2.43234867e-13, 2.08313353e+00, ...,\n",
      "          1.84266954e-02, 5.62006995e-02, 2.23967372e-02]]]])>, <tf.Tensor: shape=(4,), dtype=int32, numpy=array([1, 1, 1, 1])>)\n",
      "(<tf.Tensor: shape=(4, 61, 202, 202), dtype=float64, numpy=\n",
      "array([[[[6.91579590e-01, 5.48426165e-02, 6.99440777e-01, ...,\n",
      "          3.01210077e+02, 1.87323376e+02, 1.15041009e+02],\n",
      "         [5.48426165e-02, 5.31001631e-01, 4.75807129e-01, ...,\n",
      "          2.65502202e+02, 9.22270210e+01, 1.49590875e-10],\n",
      "         [6.99440777e-01, 4.75807129e-01, 8.67126278e-01, ...,\n",
      "          1.72182665e+02, 1.73130765e-10, 9.22270210e+01],\n",
      "         ...,\n",
      "         [3.01210077e+02, 2.65502202e+02, 1.72182665e+02, ...,\n",
      "          4.39803420e-01, 1.36296791e+00, 1.53303828e+00],\n",
      "         [1.87323376e+02, 9.22270210e+01, 1.89086484e-10, ...,\n",
      "          1.36296791e+00, 8.67126278e-01, 4.75807129e-01],\n",
      "         [1.15041009e+02, 1.80319126e-10, 9.22270210e+01, ...,\n",
      "          1.53303828e+00, 4.75807129e-01, 5.31001631e-01]],\n",
      "\n",
      "        [[1.08424158e+01, 3.00724564e+00, 1.69317583e+01, ...,\n",
      "          1.31916368e+03, 3.34194888e+03, 5.83053720e+02],\n",
      "         [3.00724564e+00, 2.09117727e+00, 8.01590596e+00, ...,\n",
      "          6.26544525e+02, 8.27525787e+02, 4.90736341e-11],\n",
      "         [1.69317583e+01, 8.01590596e+00, 1.64712680e+01, ...,\n",
      "          1.25615978e+03, 7.65684646e-11, 8.27525787e+02],\n",
      "         ...,\n",
      "         [1.31916368e+03, 6.26544525e+02, 1.25615978e+03, ...,\n",
      "          4.09280897e+00, 1.22787735e+01, 2.17573604e+00],\n",
      "         [3.34194888e+03, 8.27525787e+02, 8.13767510e-11, ...,\n",
      "          1.22787735e+01, 1.64712680e+01, 8.01590596e+00],\n",
      "         [5.83053720e+02, 5.86897012e-11, 8.27525787e+02, ...,\n",
      "          2.17573604e+00, 8.01590596e+00, 2.09117727e+00]],\n",
      "\n",
      "        [[2.04975611e+00, 4.46966339e+00, 2.13543332e+00, ...,\n",
      "          2.65839334e+02, 1.11040448e+02, 5.81122535e+01],\n",
      "         [4.46966339e+00, 6.05065117e+00, 1.23177774e+01, ...,\n",
      "          4.68067143e+02, 1.48903408e+02, 8.79505759e-13],\n",
      "         [2.13543332e+00, 1.23177774e+01, 1.27190088e+01, ...,\n",
      "          2.21521297e+02, 1.88654449e-12, 1.48903408e+02],\n",
      "         ...,\n",
      "         [2.65839334e+02, 4.68067143e+02, 2.21521297e+02, ...,\n",
      "          1.25810503e+01, 1.37597790e+01, 2.09239318e+01],\n",
      "         [1.11040448e+02, 1.48903408e+02, 1.22040531e-12, ...,\n",
      "          1.37597790e+01, 1.27190088e+01, 1.23177774e+01],\n",
      "         [5.81122535e+01, 5.79484521e-13, 1.48903408e+02, ...,\n",
      "          2.09239318e+01, 1.23177774e+01, 6.05065117e+00]],\n",
      "\n",
      "        ...,\n",
      "\n",
      "        [[4.17631816e-01, 4.28773912e-01, 9.64820999e-01, ...,\n",
      "          9.79316775e+00, 6.08034367e+01, 1.15542539e+02],\n",
      "         [4.28773912e-01, 1.45015236e+00, 7.05923841e-01, ...,\n",
      "          5.15273623e+01, 6.33840692e+01, 7.36559616e-13],\n",
      "         [9.64820999e-01, 7.05923841e-01, 2.44379802e-01, ...,\n",
      "          3.57374052e+01, 1.58663728e-13, 6.33840692e+01],\n",
      "         ...,\n",
      "         [9.79316775e+00, 5.15273623e+01, 3.57374052e+01, ...,\n",
      "          2.39215417e-01, 3.51941335e-01, 3.77517322e-01],\n",
      "         [6.08034367e+01, 6.33840692e+01, 2.25310948e-13, ...,\n",
      "          3.51941335e-01, 2.44379802e-01, 7.05923841e-01],\n",
      "         [1.15542539e+02, 6.78214212e-13, 6.33840692e+01, ...,\n",
      "          3.77517322e-01, 7.05923841e-01, 1.45015236e+00]],\n",
      "\n",
      "        [[1.17807931e+00, 6.02477327e-01, 6.06522096e-01, ...,\n",
      "          5.75829139e+00, 1.23706771e+02, 5.36404986e+01],\n",
      "         [6.02477327e-01, 1.19248235e-01, 6.10242862e-01, ...,\n",
      "          5.57858899e+01, 5.68572225e+01, 7.41917385e-13],\n",
      "         [6.06522096e-01, 6.10242862e-01, 1.07089815e+00, ...,\n",
      "          1.30410092e+02, 6.03658918e-13, 5.68572225e+01],\n",
      "         ...,\n",
      "         [5.75829139e+00, 5.57858899e+01, 1.30410092e+02, ...,\n",
      "          9.99351892e-01, 1.76162689e+00, 4.55602634e-01],\n",
      "         [1.23706771e+02, 5.68572225e+01, 8.63774062e-13, ...,\n",
      "          1.76162689e+00, 1.07089815e+00, 6.10242862e-01],\n",
      "         [5.36404986e+01, 6.82135482e-13, 5.68572225e+01, ...,\n",
      "          4.55602634e-01, 6.10242862e-01, 1.19248235e-01]],\n",
      "\n",
      "        [[8.43321147e-01, 3.58202582e-01, 1.44657401e-01, ...,\n",
      "          5.15105926e+00, 1.20274292e+01, 1.03480891e+01],\n",
      "         [3.58202582e-01, 5.84043767e-02, 1.27091180e-01, ...,\n",
      "          9.30755284e+00, 6.79694518e+00, 3.12701175e-13],\n",
      "         [1.44657401e-01, 1.27091180e-01, 5.87684519e-02, ...,\n",
      "          1.30278195e+01, 2.99616391e-13, 6.79694518e+00],\n",
      "         ...,\n",
      "         [5.15105926e+00, 9.30755284e+00, 1.30278195e+01, ...,\n",
      "          1.59122724e-01, 7.11361330e-02, 6.92394073e-02],\n",
      "         [1.20274292e+01, 6.79694518e+00, 3.22924098e-13, ...,\n",
      "          7.11361330e-02, 5.87684519e-02, 1.27091180e-01],\n",
      "         [1.03480891e+01, 3.58336646e-13, 6.79694518e+00, ...,\n",
      "          6.92394073e-02, 1.27091180e-01, 5.84043767e-02]]],\n",
      "\n",
      "\n",
      "       [[[4.38183867e+00, 6.92888548e+00, 1.37371313e+00, ...,\n",
      "          2.72258442e+03, 3.22501640e+02, 2.09776366e+03],\n",
      "         [6.92888548e+00, 3.64206329e+01, 3.25349477e+00, ...,\n",
      "          7.87861811e+03, 7.45879897e+02, 5.84521429e-10],\n",
      "         [1.37371313e+00, 3.25349477e+00, 6.19929602e-01, ...,\n",
      "          6.87282977e+02, 3.69774522e-10, 7.45879897e+02],\n",
      "         ...,\n",
      "         [2.72258442e+03, 7.87861811e+03, 6.87282977e+02, ...,\n",
      "          3.26569309e+01, 1.99587702e+00, 4.25939731e+01],\n",
      "         [3.22501640e+02, 7.45879897e+02, 3.36537829e-10, ...,\n",
      "          1.99587702e+00, 6.19929602e-01, 3.25349477e+00],\n",
      "         [2.09776366e+03, 5.46578748e-10, 7.45879897e+02, ...,\n",
      "          4.25939731e+01, 3.25349477e+00, 3.64206329e+01]],\n",
      "\n",
      "        [[3.23856307e+01, 3.28695213e+00, 2.52530631e+01, ...,\n",
      "          3.28792366e+03, 5.59604262e+03, 2.64214430e+03],\n",
      "         [3.28695213e+00, 9.55023551e+00, 1.73805092e+01, ...,\n",
      "          2.01336079e+03, 3.06065162e+03, 3.88193271e-10],\n",
      "         [2.52530631e+01, 1.73805092e+01, 2.44221356e+01, ...,\n",
      "          2.91175261e+03, 1.70983016e-10, 3.06065162e+03],\n",
      "         ...,\n",
      "         [3.28792366e+03, 2.01336079e+03, 2.91175261e+03, ...,\n",
      "          9.65052488e+00, 1.90240276e+01, 7.58519701e+00],\n",
      "         [5.59604262e+03, 3.06065162e+03, 1.45896963e-10, ...,\n",
      "          1.90240276e+01, 2.44221356e+01, 1.73805092e+01],\n",
      "         [2.64214430e+03, 3.51391432e-10, 3.06065162e+03, ...,\n",
      "          7.58519701e+00, 1.73805092e+01, 9.55023551e+00]],\n",
      "\n",
      "        [[1.58927064e+01, 1.13451574e+01, 1.80773255e+01, ...,\n",
      "          1.08734535e+03, 1.78798289e+03, 4.64337322e+02],\n",
      "         [1.13451574e+01, 8.70197989e+00, 8.11700222e+00, ...,\n",
      "          9.15167817e+02, 5.36979725e+02, 4.77961480e-12],\n",
      "         [1.80773255e+01, 8.11700222e+00, 2.44301814e+01, ...,\n",
      "          5.70967476e+02, 3.43011884e-12, 5.36979725e+02],\n",
      "         ...,\n",
      "         [1.08734535e+03, 9.15167817e+02, 5.70967476e+02, ...,\n",
      "          1.31502110e+01, 2.49277319e+00, 1.08128400e+01],\n",
      "         [1.78798289e+03, 5.36979725e+02, 3.15906373e-12, ...,\n",
      "          2.49277319e+00, 2.44301814e+01, 8.11700222e+00],\n",
      "         [4.64337322e+02, 4.87791599e-12, 5.36979725e+02, ...,\n",
      "          1.08128400e+01, 8.11700222e+00, 8.70197989e+00]],\n",
      "\n",
      "        ...,\n",
      "\n",
      "        [[3.14997841e-01, 9.18503155e-01, 1.68976091e-01, ...,\n",
      "          4.05603111e+01, 1.06338988e+01, 8.97791006e+01],\n",
      "         [9.18503155e-01, 1.60673181e+00, 1.90504088e-01, ...,\n",
      "          7.01662204e+01, 2.93026002e+01, 4.63295372e-12],\n",
      "         [1.68976091e-01, 1.90504088e-01, 3.56715658e-02, ...,\n",
      "          2.03340360e+01, 5.55196367e-12, 2.93026002e+01],\n",
      "         ...,\n",
      "         [4.05603111e+01, 7.01662204e+01, 2.03340360e+01, ...,\n",
      "          6.16426255e-01, 1.36847492e-01, 7.21152017e-01],\n",
      "         [1.06338988e+01, 2.93026002e+01, 5.05517821e-12, ...,\n",
      "          1.36847492e-01, 3.56715658e-02, 1.90504088e-01],\n",
      "         [8.97791006e+01, 3.29523935e-12, 2.93026002e+01, ...,\n",
      "          7.21152017e-01, 1.90504088e-01, 1.60673181e+00]],\n",
      "\n",
      "        [[1.36702057e-01, 7.94006986e-01, 2.29115190e-01, ...,\n",
      "          7.22703816e+01, 2.08935525e+01, 8.50029024e+01],\n",
      "         [7.94006986e-01, 1.16590499e+00, 4.15597454e-01, ...,\n",
      "          1.11642933e+02, 7.81159798e+01, 6.32411258e-13],\n",
      "         [2.29115190e-01, 4.15597454e-01, 2.66705175e-01, ...,\n",
      "          8.20256270e+01, 5.83485144e-12, 7.81159798e+01],\n",
      "         ...,\n",
      "         [7.22703816e+01, 1.11642933e+02, 8.20256270e+01, ...,\n",
      "          3.36957134e+00, 1.21076590e+00, 1.55075883e+00],\n",
      "         [2.08935525e+01, 7.81159798e+01, 5.73518150e-12, ...,\n",
      "          1.21076590e+00, 2.66705175e-01, 4.15597454e-01],\n",
      "         [8.50029024e+01, 1.00144037e-12, 7.81159798e+01, ...,\n",
      "          1.55075883e+00, 4.15597454e-01, 1.16590499e+00]],\n",
      "\n",
      "        [[1.48739428e-01, 7.29307434e-02, 1.09646854e-01, ...,\n",
      "          2.27721056e+01, 5.14522333e+00, 1.39948723e+01],\n",
      "         [7.29307434e-02, 1.48245799e-01, 4.82101195e-02, ...,\n",
      "          1.06512906e+01, 9.51141674e+00, 1.07756232e-12],\n",
      "         [1.09646854e-01, 4.82101195e-02, 7.22837147e-02, ...,\n",
      "          1.45632060e+01, 5.19747411e-13, 9.51141674e+00],\n",
      "         ...,\n",
      "         [2.27721056e+01, 1.06512906e+01, 1.45632060e+01, ...,\n",
      "          9.02680169e-02, 1.91999489e-01, 2.20172055e-01],\n",
      "         [5.14522333e+00, 9.51141674e+00, 4.74308534e-13, ...,\n",
      "          1.91999489e-01, 7.22837147e-02, 4.82101195e-02],\n",
      "         [1.39948723e+01, 1.34714100e-12, 9.51141674e+00, ...,\n",
      "          2.20172055e-01, 4.82101195e-02, 1.48245799e-01]]],\n",
      "\n",
      "\n",
      "       [[[6.96975279e+01, 6.52177954e+01, 8.61477528e+01, ...,\n",
      "          9.48444272e+03, 1.04131314e+04, 5.53965361e+03],\n",
      "         [6.52177954e+01, 4.82763396e+01, 7.21961043e+01, ...,\n",
      "          8.04513770e+03, 6.33171778e+03, 4.77946000e-10],\n",
      "         [8.61477528e+01, 7.21961043e+01, 1.19154719e+02, ...,\n",
      "          8.72937806e+03, 5.13431693e-10, 6.33171778e+03],\n",
      "         ...,\n",
      "         [9.48444272e+03, 8.04513770e+03, 8.72937806e+03, ...,\n",
      "          6.44604126e+01, 1.12908432e+02, 8.05423767e+01],\n",
      "         [1.04131314e+04, 6.33171778e+03, 5.16196789e-10, ...,\n",
      "          1.12908432e+02, 1.19154719e+02, 7.21961043e+01],\n",
      "         [5.53965361e+03, 4.15341354e-10, 6.33171778e+03, ...,\n",
      "          8.05423767e+01, 7.21961043e+01, 4.82763396e+01]],\n",
      "\n",
      "        [[2.58625093e+01, 4.38827885e+01, 3.63577227e+01, ...,\n",
      "          3.04153605e+03, 5.84390556e+03, 3.08963953e+03],\n",
      "         [4.38827885e+01, 1.77091300e+01, 2.55572929e+01, ...,\n",
      "          2.08963198e+03, 2.95139677e+03, 2.06083933e-10],\n",
      "         [3.63577227e+01, 2.55572929e+01, 2.52933014e+01, ...,\n",
      "          2.16667444e+03, 1.37554100e-10, 2.95139677e+03],\n",
      "         ...,\n",
      "         [3.04153605e+03, 2.08963198e+03, 2.16667444e+03, ...,\n",
      "          7.61418780e+00, 2.66299840e+01, 9.46787146e+00],\n",
      "         [5.84390556e+03, 2.95139677e+03, 1.22334348e-10, ...,\n",
      "          2.66299840e+01, 2.52933014e+01, 2.55572929e+01],\n",
      "         [3.08963953e+03, 1.68266185e-10, 2.95139677e+03, ...,\n",
      "          9.46787146e+00, 2.55572929e+01, 1.77091300e+01]],\n",
      "\n",
      "        [[5.59085561e+01, 6.02133007e+01, 8.70691090e+01, ...,\n",
      "          2.75690814e+03, 1.71094619e+03, 1.20591149e+02],\n",
      "         [6.02133007e+01, 3.70399835e+01, 4.24465035e+01, ...,\n",
      "          9.24022381e+02, 1.48773027e+02, 1.69082673e-12],\n",
      "         [8.70691090e+01, 4.24465035e+01, 1.15428837e+02, ...,\n",
      "          1.88870294e+02, 3.22516162e-12, 1.48773027e+02],\n",
      "         ...,\n",
      "         [2.75690814e+03, 9.24022381e+02, 1.88870294e+02, ...,\n",
      "          4.15235035e+01, 6.39478595e+01, 5.05302787e+01],\n",
      "         [1.71094619e+03, 1.48773027e+02, 5.20984838e-12, ...,\n",
      "          6.39478595e+01, 1.15428837e+02, 4.24465035e+01],\n",
      "         [1.20591149e+02, 1.53562735e-12, 1.48773027e+02, ...,\n",
      "          5.05302787e+01, 4.24465035e+01, 3.70399835e+01]],\n",
      "\n",
      "        ...,\n",
      "\n",
      "        [[5.97524556e-01, 5.32279172e-01, 5.90305407e-01, ...,\n",
      "          3.48855595e+01, 3.16500762e+01, 5.45735291e+01],\n",
      "         [5.32279172e-01, 2.06062818e+00, 4.75017275e-01, ...,\n",
      "          1.24021228e+02, 4.41489896e+01, 1.05184412e-12],\n",
      "         [5.90305407e-01, 4.75017275e-01, 3.39727874e-01, ...,\n",
      "          4.95586153e+01, 1.98523399e-13, 4.41489896e+01],\n",
      "         ...,\n",
      "         [3.48855595e+01, 1.24021228e+02, 4.95586153e+01, ...,\n",
      "          3.93693243e+00, 1.12528470e+00, 1.64555999e+00],\n",
      "         [3.16500762e+01, 4.41489896e+01, 5.22954231e-13, ...,\n",
