{
 "cells": [
  {
   "cell_type": "code",
   "execution_count": 1,
   "metadata": {},
   "outputs": [],
   "source": [
    "import tensorflow as tf\n",
    "from tensorflow import keras\n",
    "from tensorflow.keras import layers\n",
    "from sklearn import preprocessing, model_selection\n",
    "import csv\n",
    "import pandas as pd\n",
    "import os\n",
    "import numpy as np\n",
    "import matplotlib.pyplot as plt\n",
    "import time\n",
    "import json\n",
    "import random"
   ]
  },
  {
   "attachments": {},
   "cell_type": "markdown",
   "metadata": {},
   "source": [
    "### Data Preparation"
   ]
  },
  {
   "cell_type": "code",
   "execution_count": 2,
   "metadata": {},
   "outputs": [],
   "source": [
    "def get_dataset(directory):\n",
    "    data = pd.DataFrame(columns=['data', 'label'])\n",
    "    for foldername in os.listdir(directory):\n",
    "        folder = os.path.join(directory, foldername)\n",
    "        if os.path.isdir(folder):\n",
    "            files = os.listdir(folder)\n",
    "            for filename in files:\n",
    "                rel_path = os.path.join(directory, foldername, filename)\n",
    "                temp_label = filename.split('.')[0].split('_')[0]\n",
    "                if 'a' in temp_label:\n",
    "                    label ='alcoholic'\n",
    "                else:\n",
    "                    label = 'control'\n",
    "\n",
    "                temp_data = pd.DataFrame(columns=['data', 'label'], index=[0])\n",
    "\n",
    "                rwb = np.load(rel_path)\n",
    "                rwb.astype(np.float64)\n",
    "                # with open(rel_path, 'r') as file:\n",
    "                    \n",
    "                #     rwb = list(csv.reader(file, delimiter=\",\"))[0]\n",
    "                #     # scaler = preprocessing.MinMaxScaler()\n",
    "                #     rwb = np.asarray(rwb).astype(np.float64).reshape(-1,1)\n",
    "                #     # print(rwb)\n",
    "                                \n",
    "                temp_data['data'][0] = rwb\n",
    "                temp_data['label'] = label\n",
    "                \n",
    "                # decomp = np.arange(0, 366)\n",
    "                # plt.plot(decomp, df_data)\n",
    "                # plt.xlabel('Dimension Number')\n",
    "                # plt.ylabel('Wavelet Bispectrum Energy')\n",
    "                # plt.show()\n",
    "                data = pd.concat([data, temp_data], ignore_index=True)\n",
    "    label_map = {\"alcoholic\": 1, \"control\": 0}\n",
    "    data['label_map'] = data['label'].map(label_map)      \n",
    "    return data"
   ]
  },
  {
   "cell_type": "code",
   "execution_count": 3,
   "metadata": {},
   "outputs": [],
   "source": [
    "def get_batch(path):\n",
    "    # loading extracted feature & label\n",
    "    x = get_dataset(path)\n",
    "\n",
    "    scaler = preprocessing.MinMaxScaler()\n",
    "\n",
    "    series_list = [\n",
    "        i for i in x[\"data\"]\n",
    "    ]\n",
    "\n",
    "    # series_list = series_list.reshape(-1, 366, 1)\n",
    "\n",
    "    labels_list = [i for i in x[\"label_map\"]]\n",
    "        \n",
    "    # y = keras.utils.to_categorical(y[0])\n",
    "    dataset = tf.data.Dataset.from_tensor_slices((series_list,labels_list))\n",
    "    dataset = dataset.shuffle(len(labels_list)).batch(32)\n",
    "\n",
    "    return dataset"
   ]
  },
  {
   "cell_type": "code",
   "execution_count": 4,
   "metadata": {},
   "outputs": [
    {
     "name": "stdout",
     "output_type": "stream",
     "text": [
      "(<tf.Tensor: shape=(32, 61, 6), dtype=float64, numpy=\n",
      "array([[[8.24457380e+01, 9.63856793e-04, 3.92771789e-02, 1.15816581e-01,\n",
      "         9.31930054e-01, 1.64662744e+01],\n",
      "        [8.56789953e+01, 1.00275798e-02, 2.97763049e-01, 4.59620237e-01,\n",
      "         7.64093283e-01, 1.27895005e+01],\n",
      "        [6.49238601e+01, 3.29895957e-01, 7.04813917e+00, 9.65087662e+00,\n",
      "         1.54472726e+00, 1.65025009e+01],\n",
      "        ...,\n",
      "        [4.04400126e+01, 6.84511069e-02, 1.69406341e+00, 5.88736432e+00,\n",
      "         1.07180312e+01, 4.11920773e+01],\n",
      "        [4.19395665e+01, 1.01524609e-01, 2.42833339e+00, 7.87454188e+00,\n",
      "         1.15848378e+01, 3.60711958e+01],\n",
      "        [5.20611519e+01, 4.60006825e-02, 9.52959140e-01, 4.54165961e+00,\n",
      "         8.44954264e+00, 3.39486861e+01]],\n",
      "\n",
      "       [[9.66912974e+01, 2.95661246e-05, 1.44416716e-03, 5.15030242e-03,\n",
      "         6.21968985e-02, 3.23988169e+00],\n",
      "        [9.72946320e+01, 3.15219125e-04, 7.54685407e-03, 1.89428002e-02,\n",
      "         7.61136352e-02, 2.60244950e+00],\n",
      "        [9.79440940e+01, 7.65001825e-04, 2.52691896e-02, 5.31997772e-02,\n",
      "         1.53221107e-01, 1.82345088e+00],\n",
      "        ...,\n",
      "        [7.16177779e+01, 1.31974759e-02, 8.52316694e-01, 4.25363323e+00,\n",
      "         5.71095369e+00, 1.75521210e+01],\n",
      "        [6.46141832e+01, 3.42889345e-02, 1.99659380e+00, 9.08477902e+00,\n",
      "         8.99011918e+00, 1.52800359e+01],\n",
      "        [8.68396874e+01, 1.11334095e-02, 6.96929222e-01, 2.56783130e+00,\n",
      "         1.49013729e+00, 8.39428141e+00]],\n",
      "\n",
      "       [[4.90177984e+00, 3.23253168e-03, 2.06963739e-01, 6.12542701e+00,\n",
      "         7.31237855e+01, 1.56388114e+01],\n",
      "        [4.67906610e+00, 2.44399337e-03, 1.90579791e-01, 6.11715708e+00,\n",
      "         7.28768774e+01, 1.61338757e+01],\n",
      "        [2.33206858e+00, 4.50358878e-03, 2.85837662e-01, 7.84987584e+00,\n",
      "         7.30312103e+01, 1.64965040e+01],\n",
      "        ...,\n",
      "        [1.33967488e+01, 2.20250098e-02, 8.93551487e-01, 1.39018958e+01,\n",
      "         6.02600941e+01, 1.15256847e+01],\n",
      "        [1.37709851e+01, 1.84136288e-02, 7.66204023e-01, 1.35293254e+01,\n",
      "         5.88937531e+01, 1.30213188e+01],\n",
      "        [1.91275741e+01, 4.43888396e-03, 3.27726264e-01, 8.54720103e+00,\n",
      "         6.03439574e+01, 1.16491023e+01]],\n",
      "\n",
      "       ...,\n",
      "\n",
      "       [[8.83574272e+01, 7.99696292e-03, 2.87565700e-01, 1.56147656e+00,\n",
      "         4.51226746e+00, 5.27326610e+00],\n",
      "        [9.17114910e+01, 3.46850994e-03, 9.05891175e-02, 6.30250784e-01,\n",
      "         2.82670413e+00, 4.73749649e+00],\n",
      "        [6.01748829e+01, 2.73015290e-02, 1.23166114e+00, 8.70084181e+00,\n",
      "         1.52779612e+01, 1.45873514e+01],\n",
      "        ...,\n",
      "        [4.56251576e+01, 1.37746502e-02, 5.82265844e-01, 3.96774015e+00,\n",
      "         1.47970305e+01, 3.50140313e+01],\n",
      "        [5.12775712e+01, 7.06542245e-03, 3.49558891e-01, 2.26650652e+00,\n",
      "         1.18354395e+01, 3.42638584e+01],\n",
      "        [5.13652499e+01, 1.15531567e-02, 4.33079095e-01, 1.98977321e+00,\n",
      "         9.13058345e+00, 3.70697612e+01]],\n",
      "\n",
      "       [[8.67100020e+01, 3.35451109e-02, 7.75264421e-01, 1.27886604e+00,\n",
      "         4.65900893e+00, 6.54331351e+00],\n",
      "        [9.76951224e+01, 1.26408179e-02, 2.64995697e-01, 4.16301069e-01,\n",
      "         7.02218042e-01, 9.08722018e-01],\n",
      "        [8.60723876e+01, 1.50789450e-01, 2.91206298e+00, 2.76688915e+00,\n",
      "         3.80242140e+00, 4.29544947e+00],\n",
      "        ...,\n",
      "        [9.28917608e+01, 2.07865698e-03, 4.29352289e-02, 2.57114820e-01,\n",
      "         1.03117839e+00, 5.77493210e+00],\n",
      "        [8.56390328e+01, 3.87333623e-03, 9.06604669e-02, 5.10749508e-01,\n",
      "         2.61438303e+00, 1.11413009e+01],\n",
      "        [9.74518010e+01, 6.22538090e-04, 1.17556518e-02, 5.91199309e-02,\n",
      "         3.92477617e-01, 2.08422322e+00]],\n",
      "\n",
      "       [[5.75745918e+01, 3.10449011e-02, 1.15054931e+00, 4.59777764e+00,\n",
      "         8.66535496e+00, 2.79806813e+01],\n",
      "        [6.22403902e+01, 8.61189443e-01, 1.12626542e+01, 1.06505674e+01,\n",
      "         4.60767077e+00, 1.03775280e+01],\n",
      "        [6.36634640e+01, 1.73218654e-01, 4.85216697e+00, 8.72145264e+00,\n",
      "         7.82615769e+00, 1.47635400e+01],\n",
      "        ...,\n",
      "        [8.73762185e+01, 5.74188721e-03, 1.26953179e-01, 1.29380627e+00,\n",
      "         3.30471527e+00, 7.89256490e+00],\n",
      "        [7.76034020e+01, 9.39614333e-03, 1.72806232e-01, 1.95664741e+00,\n",
      "         6.75260464e+00, 1.35051435e+01],\n",
      "        [8.97133914e+01, 5.73969938e-03, 1.04712619e-01, 1.25095011e+00,\n",
      "         3.30029218e+00, 5.62491396e+00]]])>, <tf.Tensor: shape=(32,), dtype=int32, numpy=\n",
      "array([1, 0, 1, 1, 0, 0, 1, 0, 1, 1, 1, 0, 1, 1, 1, 1, 0, 1, 0, 1, 1, 1,\n",
      "       0, 1, 1, 0, 0, 1, 0, 0, 0, 0])>)\n",
      "(<tf.Tensor: shape=(32, 61, 6), dtype=float64, numpy=\n",
      "array([[[6.63524660e+01, 2.56674569e-02, 1.99211823e-01, 1.32326087e+00,\n",
      "         1.03247950e+01, 2.17745989e+01],\n",
      "        [5.89952117e+01, 2.99016762e-02, 2.05432683e-01, 1.64280659e+00,\n",
      "         1.32145368e+01, 2.59121106e+01],\n",
      "        [8.55799847e+01, 4.75584848e-03, 1.17239538e-01, 6.92563509e-01,\n",
      "         3.30393273e+00, 1.03015237e+01],\n",
      "        ...,\n",
      "        [4.51659272e+01, 2.11569244e-02, 9.06911019e-01, 2.98418868e+00,\n",
      "         1.52952806e+01, 3.56265356e+01],\n",
      "        [6.50929274e+01, 3.14259794e-02, 1.02375175e+00, 1.48072024e+00,\n",
      "         6.77498114e+00, 2.55961934e+01],\n",
      "        [9.51088103e+01, 3.99352331e-03, 1.76360745e-01, 4.66732962e-01,\n",
      "         1.16742280e+00, 3.07667972e+00]],\n",
      "\n",
      "       [[5.34848200e+00, 7.24255260e-03, 3.68616250e-01, 7.28779515e+00,\n",
      "         6.83651663e+01, 1.86226978e+01],\n",
      "        [4.52161816e+00, 8.91903600e-03, 4.72072747e-01, 9.41307881e+00,\n",
      "         6.77053693e+01, 1.78789420e+01],\n",
      "        [5.20365900e+00, 6.70550002e-03, 2.97241404e-01, 6.99348223e+00,\n",
      "         6.13324980e+01, 2.61664139e+01],\n",
      "        ...,\n",
      "        [4.16414480e+00, 1.62667925e-02, 1.00335166e+00, 1.16758607e+01,\n",
      "         5.61449333e+01, 2.69954428e+01],\n",
      "        [2.59090161e+00, 8.11905681e-03, 4.43939041e-01, 7.96309636e+00,\n",
      "         6.37280334e+01, 2.52659105e+01],\n",
      "        [2.33052508e+01, 2.45051763e-02, 1.46030574e+00, 1.32464444e+01,\n",
      "         4.53473197e+01, 1.66161741e+01]],\n",
      "\n",
      "       [[6.33493074e+01, 3.08683604e-02, 9.29173156e-01, 1.87182502e+00,\n",
      "         4.85376104e+00, 2.89650650e+01],\n",
      "        [5.52538948e+01, 3.26440629e-02, 7.63387576e-01, 1.30738109e+00,\n",
      "         6.75263698e+00, 3.58900555e+01],\n",
      "        [5.48624515e+01, 3.80883376e-02, 7.59335484e-01, 1.05864490e+00,\n",
      "         4.54214299e+00, 3.87393367e+01],\n",
      "        ...,\n",
      "        [7.99206182e+01, 1.73775145e-03, 6.87247421e-02, 6.56315989e-01,\n",
      "         3.51254740e+00, 1.58400559e+01],\n",
      "        [5.38944071e+01, 5.55481044e-03, 2.32754219e-01, 3.27923815e+00,\n",
      "         1.23475652e+01, 3.02404805e+01],\n",
      "        [5.47721365e+01, 1.09508534e-02, 2.88048494e-01, 2.26483600e+00,\n",
      "         9.79260210e+00, 3.28714261e+01]],\n",
      "\n",
      "       ...,\n",
      "\n",
      "       [[5.62308454e+01, 1.69255478e-02, 4.25118284e-01, 1.38059981e+00,\n",
      "         4.75872448e+00, 3.71877865e+01],\n",
      "        [5.55006622e+01, 9.31246111e-02, 1.77042588e+00, 1.62691461e+00,\n",
      "         4.36428891e+00, 3.66445838e+01],\n",
      "        [5.33029391e+01, 2.14565491e-02, 7.09683996e-01, 3.11489800e+00,\n",
      "         7.83120697e+00, 3.50198153e+01],\n",
      "        ...,\n",
      "        [4.63903101e+01, 5.57708185e-02, 1.71493403e+00, 8.96772245e+00,\n",
      "         1.60670777e+01, 2.68041849e+01],\n",
      "        [3.71822620e+01, 1.12162849e-01, 3.08787083e+00, 2.14499878e+01,\n",
      "         1.91634200e+01, 1.90042965e+01],\n",
      "        [5.68865994e+01, 5.52646026e-02, 1.70141011e+00, 1.09296789e+01,\n",
      "         1.19943100e+01, 1.84327369e+01]],\n",
      "\n",
      "       [[9.81824440e+01, 9.19705671e-05, 4.20993490e-03, 8.07966366e-02,\n",
      "         3.51992117e-01, 1.38046535e+00],\n",
      "        [9.85647908e+01, 8.08339595e-05, 3.06141346e-03, 4.57243352e-02,\n",
      "         2.74980902e-01, 1.11136172e+00],\n",
      "        [6.01180103e+01, 2.17718918e-01, 7.08093281e+00, 1.47480328e+01,\n",
      "         1.14323394e+01, 6.40296579e+00],\n",
      "        ...,\n",
      "        [1.08306328e+01, 1.54045425e-02, 8.30123599e-01, 1.24124792e+01,\n",
      "         6.38267533e+01, 1.20846065e+01],\n",
      "        [1.28397441e+01, 1.86286345e-02, 9.20209485e-01, 1.31624953e+01,\n",
      "         6.06792607e+01, 1.23796618e+01],\n",
      "        [1.16758257e+01, 2.17213256e-02, 9.27865043e-01, 1.26754688e+01,\n",
      "         6.32681220e+01, 1.14309971e+01]],\n",
      "\n",
      "       [[8.87192883e+01, 4.41870710e-04, 1.77971502e-02, 1.47282301e-01,\n",
      "         1.67147873e+00, 9.44371168e+00],\n",
      "        [6.90038429e+01, 1.30740549e-01, 3.05211028e+00, 6.76158508e+00,\n",
      "         5.17874742e+00, 1.58729738e+01],\n",
      "        [4.34765507e+01, 2.00254588e-01, 4.74135828e+00, 6.67861670e+00,\n",
      "         7.95503920e+00, 3.69481806e+01],\n",
      "        ...,\n",
      "        [4.08960830e+01, 2.19165019e-02, 6.80011598e-01, 2.54745823e+00,\n",
      "         1.16169901e+01, 4.42375406e+01],\n",
      "        [2.50840622e+01, 1.89287116e-02, 6.89496509e-01, 2.98641656e+00,\n",
      "         2.07768732e+01, 5.04442228e+01],\n",
      "        [3.55508044e+01, 1.59714996e-02, 4.97097169e-01, 2.33054541e+00,\n",
      "         1.99843923e+01, 4.16211892e+01]]])>, <tf.Tensor: shape=(32,), dtype=int32, numpy=\n",
      "array([0, 1, 1, 0, 0, 0, 0, 0, 0, 0, 1, 1, 1, 0, 0, 1, 0, 0, 0, 1, 0, 1,\n",
      "       1, 0, 1, 1, 0, 0, 0, 0, 1, 0])>)\n",
      "(<tf.Tensor: shape=(32, 61, 6), dtype=float64, numpy=\n",
      "array([[[3.66597063e-01, 1.35895227e+01, 7.31785962e+01, 1.26250016e+01,\n",
      "         2.25498598e-01, 1.47838306e-02],\n",
      "        [1.63986312e+01, 9.01890886e-01, 2.63431076e+01, 2.98309734e+01,\n",
      "         1.67340285e+01, 9.79136838e+00],\n",
      "        [2.79564694e+01, 2.73784868e-01, 8.39420672e+00, 2.47684936e+01,\n",
      "         2.09720447e+01, 1.76350006e+01],\n",
      "        ...,\n",
      "        [9.20866695e+01, 1.07850197e-02, 2.60599646e-01, 5.55939426e-01,\n",
      "         2.86553136e+00, 4.22047502e+00],\n",
      "        [2.22992148e+01, 2.61332339e-01, 6.20128905e+00, 1.48950280e+01,\n",
      "         2.45694938e+01, 3.17736419e+01],\n",
      "        [5.72248802e+00, 5.47249804e-01, 1.29586986e+01, 1.68452907e+01,\n",
      "         2.90616549e+01, 3.48646180e+01]],\n",
      "\n",
      "       [[3.24842133e+01, 6.20347113e-03, 1.31508828e-01, 1.19051482e+00,\n",
      "         1.59951869e+01, 5.01923727e+01],\n",
      "        [2.93919604e+01, 1.30014906e-02, 1.57876439e-01, 1.19042171e+00,\n",
      "         1.63789641e+01, 5.28677758e+01],\n",
      "        [5.08278080e+01, 3.50815769e-02, 1.11270453e+00, 2.36127208e+00,\n",
      "         6.58160037e+00, 3.90815334e+01],\n",
      "        ...,\n",
      "        [7.93702741e+01, 2.26102072e-02, 4.73237235e-01, 6.19008354e-01,\n",
      "         3.44229017e+00, 1.60725799e+01],\n",
      "        [5.82625153e+01, 2.84018688e-02, 9.45127307e-01, 4.05355588e+00,\n",
      "         1.42275866e+01, 2.24828131e+01],\n",
      "        [7.36583679e+01, 1.62520666e-02, 3.96802000e-01, 1.02672926e+00,\n",
      "         7.84342628e+00, 1.70584225e+01]],\n",
      "\n",
      "       [[6.09972529e+01, 1.60627772e-02, 6.05036728e-01, 4.80348836e+00,\n",
      "         2.64067861e+01, 7.17137311e+00],\n",
      "        [6.25113360e+01, 1.40569298e-01, 3.47821189e+00, 6.67435882e+00,\n",
      "         1.90151901e+01, 8.18033393e+00],\n",
      "        [7.87347536e+01, 1.61979795e-02, 4.16970016e-01, 2.15334785e+00,\n",
      "         1.15664102e+01, 7.11232034e+00],\n",
      "        ...,\n",
      "        [2.12566111e+01, 9.08786303e-03, 6.01028365e-01, 1.27846207e+01,\n",
      "         4.67689230e+01, 1.85797290e+01],\n",
      "        [2.70883243e+01, 3.33492730e-02, 1.41485028e+00, 1.21266844e+01,\n",
      "         3.27665963e+01, 2.65701955e+01],\n",
      "        [1.75034160e+01, 3.14160345e-02, 1.33659796e+00, 1.21051829e+01,\n",
      "         4.62863725e+01, 2.27370146e+01]],\n",
      "\n",
      "       ...,\n",
      "\n",
      "       [[2.64972373e-02, 1.75031232e+01, 7.35235300e+01, 8.73240186e+00,\n",
      "         2.10966944e-01, 3.48078567e-03],\n",
      "        [3.02921904e+00, 1.70544678e+00, 3.24953819e+01, 3.77856106e+01,\n",
      "         1.96141759e+01, 5.37016583e+00],\n",
      "        [2.37637680e+00, 1.02670498e+00, 2.35584701e+01, 3.68954413e+01,\n",
      "         2.11601821e+01, 1.49828248e+01],\n",
      "        ...,\n",
      "        [4.98177709e+01, 1.86249752e-02, 3.84935375e-01, 1.28348264e+00,\n",
      "         8.75872063e+00, 3.97364655e+01],\n",
      "        [5.69924700e+01, 7.34123449e-02, 1.68482719e+00, 3.29905893e+00,\n",
      "         9.72814955e+00, 2.82220820e+01],\n",
      "        [5.37318510e+01, 2.97608531e-02, 8.67068579e-01, 2.10044177e+00,\n",
      "         4.49480342e+00, 3.87760744e+01]],\n",
      "\n",
      "       [[5.09937226e+01, 6.53084831e-02, 2.22006957e+00, 8.27397685e+00,\n",
      "         9.48634310e+00, 2.89605794e+01],\n",
      "        [8.26162046e+01, 7.55352931e-03, 2.57289177e-01, 1.14879004e+00,\n",
      "         2.77361970e+00, 1.31965430e+01],\n",
      "        [3.39404590e+01, 1.59244551e-01, 3.76546851e+00, 1.04266476e+01,\n",
      "         2.06369763e+01, 3.10712041e+01],\n",
      "        ...,\n",
      "        [7.07322083e+01, 1.62566460e-02, 3.61801498e-01, 1.52786782e+00,\n",
      "         9.71561123e+00, 1.76462545e+01],\n",
      "        [7.28785824e+01, 2.02052670e-02, 3.02437611e-01, 1.31551047e+00,\n",
      "         6.54427548e+00, 1.89389888e+01],\n",
      "        [9.30102522e+01, 4.83422190e-03, 9.00960749e-02, 2.53877872e-01,\n",
      "         1.12553531e+00, 5.51540430e+00]],\n",
      "\n",
      "       [[9.67774559e+01, 1.01141562e-02, 1.21821932e-01, 2.91932053e-01,\n",
      "         7.91115935e-01, 2.00756003e+00],\n",
      "        [9.74567806e+01, 6.40863366e-03, 6.03835619e-02, 1.44023136e-01,\n",
      "         5.50468084e-01, 1.78193603e+00],\n",
      "        [6.00219980e+01, 1.84559948e-01, 8.28401252e+00, 2.27540796e+01,\n",
      "         5.21897788e+00, 3.53637203e+00],\n",
      "        ...,\n",
      "        [4.01333216e+01, 7.13765558e-02, 1.54797033e+00, 1.47237402e+01,\n",
      "         2.52388643e+01, 1.82847270e+01],\n",
      "        [6.42794516e+01, 3.78587190e-02, 1.11813530e+00, 1.08439104e+01,\n",
      "         1.48391550e+01, 8.88148896e+00],\n",
      "        [5.71759240e+01, 4.46824057e-02, 1.10916580e+00, 5.98812690e+00,\n",
      "         1.70408877e+01, 1.86412132e+01]]])>, <tf.Tensor: shape=(32,), dtype=int32, numpy=\n",
      "array([1, 1, 1, 0, 0, 1, 1, 0, 0, 1, 0, 1, 0, 0, 1, 1, 0, 0, 0, 0, 1, 1,\n",
      "       0, 1, 1, 0, 0, 1, 0, 1, 1, 0])>)\n",
      "(<tf.Tensor: shape=(32, 61, 6), dtype=float64, numpy=\n",
      "array([[[8.68759944e+01, 3.70284216e-02, 1.08469919e+00, 4.66650287e+00,\n",
      "         1.54373277e+00, 5.79204231e+00],\n",
      "        [8.04341013e+01, 1.01509995e-01, 2.84305327e+00, 1.08172988e+01,\n",
      "         2.57670892e+00, 3.22732776e+00],\n",
      "        [9.20089831e+01, 1.21132433e-02, 4.91550891e-01, 1.54617284e+00,\n",
      "         1.24045018e+00, 4.70072970e+00],\n",
      "        ...,\n",
      "        [8.82353783e+01, 6.51221922e-03, 3.91458462e-01, 2.40276252e+00,\n",
      "         3.63234176e+00, 5.33154677e+00],\n",
      "        [7.37983036e+01, 1.53744700e-02, 7.71748025e-01, 3.12775104e+00,\n",
      "         8.29177792e+00, 1.39950449e+01],\n",
      "        [7.07608172e+01, 4.63859169e-03, 2.21098605e-01, 2.38108299e+00,\n",
      "         1.81473238e+01, 8.48503878e+00]],\n",
      "\n",
      "       [[8.74430272e+01, 5.01888804e-03, 1.91695986e-01, 6.10479311e-01,\n",
      "         1.34328826e+00, 1.04064903e+01],\n",
      "        [9.64409149e+01, 1.47679287e-03, 6.93221399e-02, 2.26069651e-01,\n",
      "         3.56603590e-01, 2.90561291e+00],\n",
      "        [9.36994000e+01, 5.44538995e-03, 2.56801275e-01, 6.64422607e-01,\n",
      "         6.64979737e-01, 4.70895102e+00],\n",
      "        ...,\n",
      "        [9.71368992e+01, 2.82230428e-03, 3.24518790e-02, 1.41109334e-01,\n",
      "         8.76590939e-01, 1.81012639e+00],\n",
      "        [9.67844434e+01, 3.80516153e-03, 6.51765720e-02, 2.21063825e-01,\n",
      "         8.88610683e-01, 2.03690039e+00],\n",
      "        [9.74671070e+01, 1.22120147e-03, 4.25150202e-02, 1.39176476e-01,\n",
      "         3.32334058e-01, 2.01764624e+00]],\n",
      "\n",
      "       [[5.15717511e+01, 9.74472474e-03, 2.65911483e-01, 2.41483123e+00,\n",
      "         1.91442830e+01, 2.65934784e+01],\n",
      "        [4.84197027e+01, 4.28626705e-03, 1.48773882e-01, 2.90851922e+00,\n",
      "         2.28671889e+01, 2.56515290e+01],\n",
      "        [4.48450955e+01, 9.66527299e-03, 3.49779148e-01, 2.72550150e+00,\n",
      "         2.31696347e+01, 2.89003239e+01],\n",
      "        ...,\n",
      "        [9.53389086e+00, 6.71887270e-03, 2.49489162e-01, 7.41818773e+00,\n",
      "         6.99204600e+01, 1.28712534e+01],\n",
      "        [2.49783454e+01, 1.04315488e-02, 2.10137195e-01, 6.50762686e+00,\n",
      "         5.70620864e+01, 1.12313726e+01],\n",
      "        [7.31419048e+01, 5.55728589e-03, 6.52307637e-02, 1.64778463e+00,\n",
      "         1.81356190e+01, 7.00390353e+00]],\n",
      "\n",
      "       ...,\n",
      "\n",
      "       [[8.29699751e-02, 1.59189872e+01, 7.73960457e+01, 6.39485711e+00,\n",
      "         2.02207860e-01, 4.93213371e-03],\n",
      "        [3.46535306e+01, 5.15952158e-01, 1.14912508e+01, 2.17929927e+01,\n",
      "         1.68885792e+01, 1.46576944e+01],\n",
      "        [3.64366839e+01, 7.45770134e-01, 1.17688287e+01, 1.69996656e+01,\n",
      "         1.62745364e+01, 1.77745153e+01],\n",
      "        ...,\n",
      "        [9.04515559e+01, 1.37579026e-02, 4.09542857e-01, 1.47112624e+00,\n",
      "         4.00808564e+00, 3.64593147e+00],\n",
      "        [3.27394859e+01, 1.10166040e-01, 4.59382862e+00, 1.69631681e+01,\n",
      "         3.68230599e+01, 8.77029144e+00],\n",
      "        [2.27201421e+01, 1.04851782e-01, 3.71779052e+00, 1.38768704e+01,\n",
      "         3.83543816e+01, 2.12259636e+01]],\n",
      "\n",
      "       [[4.16309439e+01, 7.27408587e-03, 2.44386142e-01, 1.57363099e+00,\n",
      "         9.57435296e+00, 4.69694119e+01],\n",
      "        [2.78025386e+01, 1.55090740e-02, 4.91084851e-01, 3.28536588e+00,\n",
      "         1.77262401e+01, 5.06792615e+01],\n",
      "        [3.46247863e+01, 1.72847450e-02, 4.76269287e-01, 2.21313694e+00,\n",
      "         1.26932128e+01, 4.99753099e+01],\n",
      "        ...,\n",
      "        [2.58116739e+01, 1.85145216e-02, 2.34317796e-01, 3.62890116e+00,\n",
      "         3.63076872e+01, 3.39989054e+01],\n",
      "        [5.46955683e+01, 1.92268503e-02, 1.28328434e-01, 1.50178609e+00,\n",
      "         1.98558180e+01, 2.37992724e+01],\n",
      "        [5.61314282e+01, 8.93277644e-03, 1.29691906e-01, 1.42632374e+00,\n",
      "         1.79395752e+01, 2.43640481e+01]],\n",
      "\n",
      "       [[4.81872213e+01, 3.38297641e-03, 2.99175141e-02, 1.13826617e-01,\n",
      "         4.02387583e+00, 4.76417758e+01],\n",
      "        [4.63459596e+01, 1.01121208e-02, 1.80732984e-01, 4.47468369e-01,\n",
      "         5.29553276e+00, 4.77201941e+01],\n",
      "        [4.17636600e+01, 4.10468523e-01, 8.45831486e+00, 8.03034465e+00,\n",
      "         7.24329531e+00, 3.40939167e+01],\n",
      "        ...,\n",
      "        [5.55594713e+01, 5.16423403e-02, 1.06212114e+00, 5.31352213e+00,\n",
      "         1.13784193e+01, 2.66348238e+01],\n",
      "        [5.82756488e+01, 4.97266510e-02, 1.56896820e+00, 8.33546678e+00,\n",
      "         1.30219170e+01, 1.87482727e+01],\n",
      "        [5.87321161e+01, 2.43181100e-02, 6.16442096e-01, 2.98576221e+00,\n",
      "         6.84613119e+00, 3.07952302e+01]]])>, <tf.Tensor: shape=(32,), dtype=int32, numpy=\n",
      "array([0, 1, 0, 1, 1, 1, 1, 0, 1, 0, 0, 1, 0, 1, 0, 1, 0, 0, 0, 0, 1, 1,\n",
      "       0, 0, 0, 0, 1, 1, 1, 1, 0, 1])>)\n",
      "(<tf.Tensor: shape=(32, 61, 6), dtype=float64, numpy=\n",
      "array([[[4.68671919e+00, 1.14032171e+00, 2.65242213e+01, 3.63642614e+01,\n",
      "         2.40144633e+01, 7.27001300e+00],\n",
      "        [6.46704757e+00, 1.42746342e-01, 5.70654692e+00, 3.10933547e+01,\n",
      "         4.49048458e+01, 1.16854587e+01],\n",
      "        [4.68675555e+00, 1.02732912e+00, 2.24217750e+01, 4.97340669e+01,\n",
      "         1.50529974e+01, 7.07707608e+00],\n",
      "        ...,\n",
      "        [1.99758466e+00, 3.43493255e-02, 1.66438572e+00, 1.94553720e+01,\n",
      "         6.14771229e+01, 1.53711854e+01],\n",
      "        [1.83591483e+00, 5.56021586e-02, 2.37171523e+00, 1.78454023e+01,\n",
      "         5.49478335e+01, 2.29435320e+01],\n",
      "        [2.34791888e+00, 4.37971699e-02, 1.92447894e+00, 1.63344740e+01,\n",
      "         5.63740580e+01, 2.29752731e+01]],\n",
      "\n",
      "       [[6.12986122e+01, 2.14774185e-02, 7.31127827e-01, 4.20960733e+00,\n",
      "         1.81141781e+01, 1.56249972e+01],\n",
      "        [6.03402003e+01, 2.45224276e-02, 7.40695580e-01, 3.78803841e+00,\n",
      "         1.77322819e+01, 1.73742614e+01],\n",
      "        [7.62634280e+01, 1.98103780e-02, 6.60881432e-01, 2.18704113e+00,\n",
      "         4.50604113e+00, 1.63627979e+01],\n",
      "        ...,\n",
      "        [1.70721062e+01, 1.17154429e-01, 3.51088191e+00, 1.94022383e+01,\n",
      "         4.87768218e+01, 1.11207974e+01],\n",
      "        [1.42995221e+01, 6.60720307e-02, 2.18715633e+00, 1.44156396e+01,\n",
      "         4.98723347e+01, 1.91592753e+01],\n",
      "        [2.86036857e+01, 5.24485356e-02, 1.65301385e+00, 1.17994314e+01,\n",
      "         4.34273791e+01, 1.44640414e+01]],\n",
      "\n",
      "       [[8.16098970e+01, 4.56597593e-03, 9.70177801e-02, 4.29179774e-01,\n",
      "         1.44769510e+00, 1.64116443e+01],\n",
      "        [4.90004995e+01, 1.08462711e-02, 4.21398166e-01, 2.18319482e+00,\n",
      "         6.45695883e+00, 4.19271024e+01],\n",
      "        [6.85171804e+01, 2.60360833e-03, 7.60791626e-02, 4.89664214e-01,\n",
      "         2.85186942e+00, 2.80626032e+01],\n",
      "        ...,\n",
      "        [3.67997709e+01, 8.86686978e-03, 1.79275250e-01, 2.57524782e+00,\n",
      "         1.33047644e+01, 4.71320747e+01],\n",
      "        [3.92396625e+01, 1.49829564e-02, 3.55326304e-01, 3.10894457e+00,\n",
      "         2.41072700e+01, 3.31738136e+01],\n",
      "        [4.30324370e+01, 2.72695558e-02, 2.05072810e-01, 1.96063505e+00,\n",
      "         1.45360205e+01, 4.02385651e+01]],\n",
      "\n",
      "       ...,\n",
      "\n",
      "       [[7.29481837e+00, 2.05664055e-01, 6.83183681e+00, 2.42567128e+01,\n",
      "         4.08483108e+01, 2.05626572e+01],\n",
      "        [1.22838543e+01, 3.43383809e-01, 9.18109690e+00, 1.83266354e+01,\n",
      "         3.35886348e+01, 2.62763947e+01],\n",
      "        [3.26233633e+01, 7.80374729e-02, 2.41392109e+00, 1.15428443e+01,\n",
      "         2.99438092e+01, 2.33980247e+01],\n",
      "        ...,\n",
      "        [1.28355070e+01, 2.03773531e-02, 1.01090255e+00, 1.13268655e+01,\n",
      "         3.84559611e+01, 3.63503865e+01],\n",
      "        [1.59065417e+01, 4.04407059e-02, 1.44489825e+00, 1.12380588e+01,\n",
      "         2.91033130e+01, 4.22667476e+01],\n",
      "        [2.35174664e+01, 3.08387108e-02, 1.10614656e+00, 8.19258601e+00,\n",
      "         2.35485855e+01, 4.36043768e+01]],\n",
      "\n",
      "       [[5.39852554e+00, 2.89650896e-01, 8.95117526e+00, 2.95240049e+01,\n",
      "         4.61726448e+01, 9.66399861e+00],\n",
      "        [1.76861990e+01, 6.91545872e-01, 2.03790707e+01, 3.03593943e+01,\n",
      "         2.64100999e+01, 4.47369016e+00],\n",
      "        [3.79844508e+01, 4.20432319e-01, 9.62630001e+00, 2.18869424e+01,\n",
      "         1.95383935e+01, 1.05434810e+01],\n",
      "        ...,\n",
      "        [3.46621434e+00, 6.81126761e-02, 2.87764925e+00, 1.64238375e+01,\n",
      "         4.15032150e+01, 3.56609712e+01],\n",
      "        [5.02900875e+00, 6.81617926e-02, 2.61206906e+00, 1.54070251e+01,\n",
      "         4.54309943e+01, 3.14527411e+01],\n",
      "        [2.06911287e+01, 7.31208192e-02, 2.31203426e+00, 1.20325515e+01,\n",
      "         2.33437696e+01, 4.15473952e+01]],\n",
      "\n",
      "       [[2.37207449e-01, 1.48390697e+01, 7.40965450e+01, 1.05957489e+01,\n",
      "         2.20838261e-01, 1.05906210e-02],\n",
      "        [9.22190056e+01, 1.21206416e-01, 2.22428097e+00, 2.13982203e+00,\n",
      "         1.58370051e+00, 1.71198445e+00],\n",
      "        [8.00215395e+01, 3.67410161e-02, 8.84898867e-01, 1.93660945e+00,\n",
      "         3.94744157e+00, 1.31727696e+01],\n",
      "        ...,\n",
      "        [3.15181993e+01, 1.34119585e-01, 3.61081013e+00, 8.55367398e+00,\n",
      "         1.70178292e+01, 3.91653677e+01],\n",
      "        [3.04989941e+01, 1.46761867e-01, 5.06819290e+00, 1.46125966e+01,\n",
      "         3.27523836e+01, 1.69210709e+01],\n",
      "        [8.07485942e+01, 1.68288848e-02, 5.02799194e-01, 2.25614611e+00,\n",
      "         7.99594908e+00, 8.47968252e+00]]])>, <tf.Tensor: shape=(32,), dtype=int32, numpy=\n",
      "array([1, 1, 1, 1, 0, 0, 1, 0, 1, 0, 1, 1, 1, 0, 0, 1, 1, 1, 1, 0, 1, 1,\n",
      "       1, 0, 0, 0, 0, 0, 0, 1, 1, 1])>)\n",
      "(<tf.Tensor: shape=(32, 61, 6), dtype=float64, numpy=\n",
      "array([[[2.77004401e+01, 1.50846113e-02, 6.84445800e-01, 8.26980699e+00,\n",
      "         3.77158886e+01, 2.56143339e+01],\n",
      "        [3.04120883e+01, 1.26363872e-02, 5.93099810e-01, 6.99171021e+00,\n",
      "         3.02830814e+01, 3.17073839e+01],\n",
      "        [2.05227100e+01, 1.55164025e-02, 6.01725090e-01, 8.86081030e+00,\n",
      "         4.99535985e+01, 2.00456398e+01],\n",
      "        ...,\n",
      "        [4.14462550e+01, 2.48863121e-03, 1.72361005e-01, 4.77428501e+00,\n",
      "         3.77443052e+01, 1.58603051e+01],\n",
      "        [4.00997157e+01, 4.00029912e-03, 1.94728365e-01, 4.15567363e+00,\n",
      "         3.47692066e+01, 2.07766754e+01],\n",
      "        [3.82885792e+01, 5.37587529e-03, 2.40990680e-01, 6.06525545e+00,\n",
      "         3.17140495e+01, 2.36857493e+01]],\n",
      "\n",
      "       [[5.33281475e+01, 3.62323338e-02, 1.06631415e+00, 6.55925633e+00,\n",
      "         2.09126251e+01, 1.80974245e+01],\n",
      "        [7.22800300e+01, 8.79802702e-03, 3.92686301e-01, 3.21560706e+00,\n",
      "         1.57670577e+01, 8.33582089e+00],\n",
      "        [1.54207351e+01, 1.55085953e-01, 4.07233051e+00, 1.49834415e+01,\n",
      "         4.02295535e+01, 2.51388535e+01],\n",
      "        ...,\n",
      "        [8.20170581e+01, 1.68423887e-03, 9.50030982e-02, 1.84896973e+00,\n",
      "         1.17362305e+01, 4.30105437e+00],\n",
      "        [6.87267294e+00, 4.67070106e-02, 1.87584895e+00, 1.63536043e+01,\n",
      "         4.57975191e+01, 2.90536477e+01],\n",
      "        [1.14015911e+01, 7.12802534e-02, 2.86020177e+00, 1.99207363e+01,\n",
      "         4.74453168e+01, 1.83008738e+01]],\n",
      "\n",
      "       [[4.61957328e+01, 5.86691174e-03, 2.00369872e-02, 1.58166633e-01,\n",
      "         3.58582340e+00, 5.00343732e+01],\n",
      "        [5.02434802e+01, 1.01048451e-02, 3.50857857e-02, 2.23498450e-01,\n",
      "         4.12352410e+00, 4.53643066e+01],\n",
      "        [8.21890088e+01, 4.74877719e-05, 1.22991524e-03, 1.97539377e-02,\n",
      "         8.11069590e-01, 1.69788902e+01],\n",
      "        ...,\n",
      "        [4.68290557e+01, 1.56784642e-03, 6.79401925e-02, 9.69690361e-01,\n",
      "         5.65440648e+00, 4.64773395e+01],\n",
      "        [3.46203500e+01, 3.76956366e-03, 8.78854542e-02, 1.54770531e+00,\n",
      "         1.17806860e+01, 5.19596037e+01],\n",
      "        [5.07861189e+01, 2.95661199e-03, 2.67192283e-02, 3.75826396e-01,\n",
      "         4.08137314e+00, 4.47270057e+01]],\n",
      "\n",
      "       ...,\n",
      "\n",
      "       [[5.21676729e+01, 2.11097017e-01, 5.20273296e+00, 1.56576743e+01,\n",
      "         1.20272373e+01, 1.47335856e+01],\n",
      "        [4.38055607e+01, 4.62076297e-02, 1.47189260e+00, 1.00017149e+01,\n",
      "         1.66570711e+01, 2.80175531e+01],\n",
      "        [2.19166842e+01, 1.84427929e+00, 3.33072342e+01, 3.24113842e+01,\n",
      "         7.83896328e+00, 2.68145486e+00],\n",
      "        ...,\n",
      "        [3.28420274e+01, 2.67768462e-02, 1.08122227e+00, 1.22129720e+01,\n",
      "         3.47447441e+01, 1.90922574e+01],\n",
      "        [2.77061692e+01, 7.16286005e-03, 4.87334102e-01, 1.09145569e+01,\n",
      "         5.12097015e+01, 9.67507547e+00],\n",
      "        [6.99522122e+01, 1.00505056e-02, 4.13863107e-01, 3.40834925e+00,\n",
      "         1.64738780e+01, 9.74164699e+00]],\n",
      "\n",
      "       [[1.32836775e+01, 9.53152047e-03, 5.69884131e-01, 8.37768392e+00,\n",
      "         5.43060946e+01, 2.34531283e+01],\n",
      "        [2.62798593e+01, 5.11164933e-03, 3.12902608e-01, 6.16933994e+00,\n",
      "         4.84613210e+01, 1.87714655e+01],\n",
      "        [9.11042973e+00, 9.20983242e-03, 5.21251559e-01, 8.20565304e+00,\n",
      "         5.21648600e+01, 2.99885958e+01],\n",
      "        ...,\n",
      "        [1.49690438e+01, 1.09143003e-02, 7.48607390e-01, 1.15280076e+01,\n",
      "         6.26894721e+01, 1.00539549e+01],\n",
      "        [9.21871957e+00, 1.00998079e-02, 6.99130919e-01, 1.16019390e+01,\n",
      "         7.00628907e+01, 8.40721998e+00],\n",
      "        [1.68355167e+00, 1.39447578e-02, 1.09132608e+00, 1.87584462e+01,\n",
      "         6.48645544e+01, 1.35881768e+01]],\n",
      "\n",
      "       [[5.70243855e+01, 4.22097668e-03, 2.03521316e-01, 3.85394583e+00,\n",
      "         3.16008030e+01, 7.31312344e+00],\n",
      "        [6.10441939e+01, 2.77683993e-03, 1.48490455e-01, 3.69119535e+00,\n",
      "         2.92932939e+01, 5.82004956e+00],\n",
      "        [5.53062263e+01, 4.26131392e-03, 2.60305314e-01, 4.12323982e+00,\n",
      "         2.98939040e+01, 1.04120633e+01],\n",
      "        ...,\n",
      "        [1.48757784e+01, 3.60011395e-03, 2.34392227e-01, 5.57857744e+00,\n",
      "         5.40199050e+01, 2.52877468e+01],\n",
      "        [2.86372288e+01, 4.98517230e-03, 2.31418347e-01, 3.97032936e+00,\n",
      "         4.19064251e+01, 2.52496133e+01],\n",
      "        [5.21457410e+01, 1.47709456e-03, 1.17237060e-01, 3.63647495e+00,\n",
      "         3.24463267e+01, 1.16527432e+01]]])>, <tf.Tensor: shape=(32,), dtype=int32, numpy=\n",
      "array([0, 1, 0, 0, 1, 1, 1, 1, 1, 0, 0, 0, 1, 1, 1, 0, 1, 0, 1, 1, 1, 0,\n",
      "       0, 1, 0, 1, 1, 0, 0, 0, 1, 1])>)\n",
      "(<tf.Tensor: shape=(32, 61, 6), dtype=float64, numpy=\n",
      "array([[[4.71745208e-03, 1.46217477e+01, 7.61418770e+01, 9.06941967e+00,\n",
      "         1.61133958e-01, 1.10428036e-03],\n",
      "        [7.29399143e+01, 1.58675888e-01, 3.35486975e+00, 7.15714876e+00,\n",
      "         5.26072336e+00, 1.11286680e+01],\n",
      "        [8.78614408e+01, 7.73852114e-03, 1.89776658e-01, 5.82614172e-01,\n",
      "         1.67037691e+00, 9.68805295e+00],\n",
      "        ...,\n",
      "        [4.09423607e+01, 6.69484547e-02, 2.54327108e+00, 7.45191626e+00,\n",
      "         1.14168856e+01, 3.75786180e+01],\n",
      "        [2.52558263e+01, 2.12306777e-01, 7.36160931e+00, 1.52288887e+01,\n",
      "         1.60653379e+01, 3.58760310e+01],\n",
      "        [2.52611047e+00, 2.69013701e-01, 8.47532214e+00, 2.64320605e+01,\n",
      "         4.47415998e+01, 1.75558933e+01]],\n",
      "\n",
      "       [[2.38878113e+01, 2.42241672e-02, 6.79586419e-01, 3.80969363e+00,\n",
      "         2.33789146e+01, 4.82197699e+01],\n",
      "        [7.25064638e+00, 5.44672901e-01, 9.19858841e+00, 1.28871152e+01,\n",
      "         4.58499927e+01, 2.42689844e+01],\n",
      "        [3.70520112e+01, 4.25860479e-02, 1.47915275e+00, 7.96513325e+00,\n",
      "         1.87162134e+01, 3.47449033e+01],\n",
      "        ...,\n",
      "        [2.40349617e+01, 3.67912594e-02, 1.20770000e+00, 7.60478162e+00,\n",
      "         2.28792416e+01, 4.42365238e+01],\n",
      "        [3.31354020e+01, 4.41908869e-02, 1.52082305e+00, 5.49653159e+00,\n",
      "         1.62233342e+01, 4.35797183e+01],\n",
      "        [2.66485894e+01, 1.06008985e-01, 1.38765347e+00, 4.82002443e+00,\n",
      "         1.47276449e+01, 5.23100789e+01]],\n",
      "\n",
      "       [[7.83518076e+01, 3.52678767e-02, 1.22515929e+00, 3.04054369e+00,\n",
      "         6.37061133e+00, 1.09766103e+01],\n",
      "        [7.38141757e+01, 7.56550288e-02, 1.70225654e+00, 2.87202258e+00,\n",
      "         6.73590168e+00, 1.47999885e+01],\n",
      "        [6.23402070e+01, 8.04334083e-02, 1.73219998e+00, 4.13604302e+00,\n",
      "         1.65908435e+01, 1.51202731e+01],\n",
      "        ...,\n",
      "        [7.54902975e+00, 3.32157255e-02, 1.11618201e+00, 1.20916416e+01,\n",
      "         4.68699215e+01, 3.23400094e+01],\n",
      "        [2.78384207e+01, 3.63886991e-02, 1.27297049e+00, 8.68601210e+00,\n",
      "         2.96136102e+01, 3.25525978e+01],\n",
      "        [8.82168341e+00, 6.16869737e-02, 1.78650224e+00, 1.37005586e+01,\n",
      "         4.19928318e+01, 3.36367369e+01]],\n",
      "\n",
      "       ...,\n",
      "\n",
      "       [[4.54662955e+01, 5.85049016e-02, 2.03472191e+00, 1.26357339e+01,\n",
      "         2.42129134e+01, 1.55918304e+01],\n",
      "        [3.23995358e+01, 1.03010023e-01, 3.80329505e+00, 1.92571463e+01,\n",
      "         2.65190441e+01, 1.79179686e+01],\n",
      "        [2.42822346e+01, 1.01008554e-01, 4.04105752e+00, 1.92611221e+01,\n",
      "         3.53691765e+01, 1.69454007e+01],\n",
      "        ...,\n",
      "        [2.03420832e+01, 2.49346497e-02, 1.20509240e+00, 1.49556516e+01,\n",
      "         4.15362176e+01, 2.19360206e+01],\n",
      "        [2.23084945e+01, 4.54424827e-02, 1.84568857e+00, 1.46867042e+01,\n",
      "         3.84457124e+01, 2.26679579e+01],\n",
      "        [3.38846302e+01, 4.17511451e-02, 1.48790297e+00, 1.22594560e+01,\n",
      "         2.65688344e+01, 2.57574253e+01]],\n",
      "\n",
      "       [[1.44475569e+01, 1.35721834e-01, 3.90035206e+00, 1.13669113e+01,\n",
      "         3.71542293e+01, 3.29952286e+01],\n",
      "        [1.84105927e+01, 4.50353760e-01, 9.80669226e+00, 2.27358941e+01,\n",
      "         3.07677947e+01, 1.78286725e+01],\n",
