{
 "cells": [
  {
   "cell_type": "code",
   "execution_count": 1,
   "metadata": {},
   "outputs": [],
   "source": [
    "import tensorflow as tf\n",
    "from tensorflow import keras\n",
    "from tensorflow.keras import layers\n",
    "from sklearn import preprocessing, model_selection\n",
    "import csv\n",
    "import pandas as pd\n",
    "import os\n",
    "import numpy as np\n",
    "import matplotlib.pyplot as plt\n",
    "import time\n",
    "import json\n",
    "import random"
   ]
  },
  {
   "attachments": {},
   "cell_type": "markdown",
   "metadata": {},
   "source": [
    "### Data Preparation"
   ]
  },
  {
   "cell_type": "code",
   "execution_count": 2,
   "metadata": {},
   "outputs": [],
   "source": [
    "def get_dataset(directory):\n",
    "    data = pd.DataFrame(columns=['data', 'label'])\n",
    "    for foldername in os.listdir(directory):\n",
    "        folder = os.path.join(directory, foldername)\n",
    "        if os.path.isdir(folder):\n",
    "            files = os.listdir(folder)\n",
    "            for filename in files:\n",
    "                rel_path = os.path.join(directory, foldername, filename)\n",
    "                temp_label = filename.split('.')[0].split('_')[0]\n",
    "                if 'a' in temp_label:\n",
    "                    label ='alcoholic'\n",
    "                else:\n",
    "                    label = 'control'\n",
    "\n",
    "                temp_data = pd.DataFrame(columns=['data', 'label'], index=[0])\n",
    "\n",
    "                rwb = np.load(rel_path)\n",
    "                rwb.astype(np.float64)\n",
    "                # print(rwb)\n",
    "                # with open(rel_path, 'r') as file:\n",
    "                    \n",
    "                #     rwb = list(csv.reader(file, delimiter=\",\"))[0]\n",
    "                #     # scaler = preprocessing.MinMaxScaler()\n",
    "                #     rwb = np.asarray(rwb).astype(np.float64).reshape(-1,1)\n",
    "                #     # print(rwb)\n",
    "                                \n",
    "                temp_data['data'][0] = rwb\n",
    "                temp_data['label'] = label\n",
    "                \n",
    "                # decomp = np.arange(0, 366)\n",
    "                # plt.plot(decomp, df_data)\n",
    "                # plt.xlabel('Dimension Number')\n",
    "                # plt.ylabel('Wavelet Bispectrum Energy')\n",
    "                # plt.show()\n",
    "                data = pd.concat([data, temp_data], ignore_index=True)\n",
    "    label_map = {\"alcoholic\": 1, \"control\": 0}\n",
    "    data['label_map'] = data['label'].map(label_map)\n",
    "    # print(data)      \n",
    "    return data"
   ]
  },
  {
   "cell_type": "code",
   "execution_count": 3,
   "metadata": {},
   "outputs": [],
   "source": [
    "def get_batch(path):\n",
    "    # loading extracted feature & label\n",
    "    x = get_dataset(path)\n",
    "\n",
    "    scaler = preprocessing.MinMaxScaler()\n",
    "\n",
    "    series_list = [\n",
    "        i for i in x[\"data\"]\n",
    "    ]\n",
    "\n",
    "    # series_list = series_list.reshape(-1, 366, 1)\n",
    "\n",
    "    labels_list = [i for i in x[\"label_map\"]]\n",
    "        \n",
    "    # y = keras.utils.to_categorical(y[0])\n",
    "    dataset = tf.data.Dataset.from_tensor_slices((series_list,labels_list))\n",
    "    dataset = dataset.shuffle(len(labels_list)).batch(32)\n",
    "\n",
    "    return dataset"
   ]
  },
  {
   "cell_type": "code",
   "execution_count": 5,
   "metadata": {},
   "outputs": [
    {
     "name": "stdout",
     "output_type": "stream",
     "text": [
      "(<tf.Tensor: shape=(32, 61, 5, 5), dtype=float64, numpy=\n",
      "array([[[[1.13248021e+00, 2.15043042e+00, 9.05114059e+00,\n",
      "          1.19717555e+01, 5.57919254e+01],\n",
      "         [2.15043042e+00, 1.12134152e+01, 5.62455286e+01,\n",
      "          1.14669826e+02, 8.88431563e+02],\n",
      "         [9.05114059e+00, 5.62455286e+01, 5.84383007e+02,\n",
      "          1.92921864e+03, 1.13197117e+04],\n",
      "         [1.19717555e+01, 1.14669826e+02, 1.92921864e+03,\n",
      "          3.84480632e+03, 1.84791024e+04],\n",
      "         [5.57919254e+01, 8.88431563e+02, 1.13197117e+04,\n",
      "          1.84791024e+04, 2.60374145e+05]],\n",
      "\n",
      "        [[4.45724606e-01, 1.30107739e+00, 5.54794141e+00,\n",
      "          7.65393984e+00, 2.94141419e+01],\n",
      "         [1.30107739e+00, 9.65006623e+00, 4.81177429e+01,\n",
      "          1.12695199e+02, 6.99854842e+02],\n",
      "         [5.54794141e+00, 4.81177429e+01, 5.54184918e+02,\n",
      "          1.77540466e+03, 8.73856503e+03],\n",
      "         [7.65393984e+00, 1.12695199e+02, 1.77540466e+03,\n",
      "          3.75593696e+03, 1.61483947e+04],\n",
      "         [2.94141419e+01, 6.99854842e+02, 8.73856503e+03,\n",
      "          1.61483947e+04, 1.44505332e+05]],\n",
      "\n",
      "        [[1.54635966e-01, 3.70525166e-01, 2.00627350e+00,\n",
      "          4.98036962e+00, 1.13882287e+01],\n",
      "         [3.70525166e-01, 3.49072782e+00, 2.25082560e+01,\n",
      "          1.01897733e+02, 6.29222868e+02],\n",
      "         [2.00627350e+00, 2.25082560e+01, 6.23812437e+02,\n",
      "          3.05553164e+03, 1.04479480e+04],\n",
      "         [4.98036962e+00, 1.01897733e+02, 3.05553164e+03,\n",
      "          1.44119855e+04, 5.07761557e+04],\n",
      "         [1.13882287e+01, 6.29222868e+02, 1.04479480e+04,\n",
      "          5.07761557e+04, 2.33966436e+05]],\n",
      "\n",
      "        ...,\n",
      "\n",
      "        [[5.14865623e-01, 5.02581795e-01, 2.85236504e+00,\n",
      "          6.99126731e+00, 9.29212504e+00],\n",
      "         [5.02581795e-01, 1.50833943e+00, 9.89160063e+00,\n",
      "          3.33396104e+01, 7.68243763e+01],\n",
      "         [2.85236504e+00, 9.89160063e+00, 1.78966235e+02,\n",
      "          1.01086327e+03, 2.16183127e+03],\n",
      "         [6.99126731e+00, 3.33396104e+01, 1.01086327e+03,\n",
      "          4.22566152e+03, 1.21238921e+04],\n",
      "         [9.29212504e+00, 7.68243763e+01, 2.16183127e+03,\n",
      "          1.21238921e+04, 2.29663610e+04]],\n",
      "\n",
      "        [[3.71203154e-01, 5.10275690e-01, 1.83239954e+00,\n",
      "          5.60146407e+00, 7.72443948e+00],\n",
      "         [5.10275690e-01, 2.01761793e+00, 7.24353160e+00,\n",
      "          2.97081440e+01, 1.15855431e+02],\n",
      "         [1.83239954e+00, 7.24353160e+00, 7.09840345e+01,\n",
      "          6.73334583e+02, 1.17937171e+03],\n",
      "         [5.60146407e+00, 2.97081440e+01, 6.73334583e+02,\n",
      "          2.65701186e+03, 7.77902450e+03],\n",
      "         [7.72443948e+00, 1.15855431e+02, 1.17937171e+03,\n",
      "          7.77902450e+03, 1.84781345e+04]],\n",
      "\n",
      "        [[6.70918513e-01, 7.84679217e-01, 2.08523553e+00,\n",
      "          3.97455603e+00, 1.02627906e+01],\n",
      "         [7.84679217e-01, 1.83088133e+00, 5.47039393e+00,\n",
      "          1.24125358e+01, 5.53479914e+01],\n",
      "         [2.08523553e+00, 5.47039393e+00, 2.73557843e+01,\n",
      "          1.17782948e+02, 3.83933751e+02],\n",
      "         [3.97455603e+00, 1.24125358e+01, 1.17782948e+02,\n",
      "          2.84654535e+02, 1.20386926e+03],\n",
      "         [1.02627906e+01, 5.53479914e+01, 3.83933751e+02,\n",
      "          1.20386926e+03, 6.23034679e+03]]],\n",
      "\n",
      "\n",
      "       [[[5.19635345e-01, 1.00904603e+00, 3.87384456e+00,\n",
      "          7.07212490e+00, 2.85264697e+01],\n",
      "         [1.00904603e+00, 7.43549026e+00, 3.47959318e+01,\n",
      "          1.15867952e+02, 1.06577089e+03],\n",
      "         [3.87384456e+00, 3.47959318e+01, 4.17577894e+02,\n",
      "          2.01643485e+03, 1.01694221e+04],\n",
      "         [7.07212490e+00, 1.15867952e+02, 2.01643485e+03,\n",
      "          5.01951538e+03, 2.99696032e+04],\n",
      "         [2.85264697e+01, 1.06577089e+03, 1.01694221e+04,\n",
      "          2.99696032e+04, 3.52775750e+05]],\n",
      "\n",
      "        [[1.11152198e+00, 1.44879866e+00, 5.33519286e+00,\n",
      "          9.35762557e+00, 4.20597059e+01],\n",
      "         [1.44879866e+00, 7.38985134e+00, 3.28186920e+01,\n",
      "          9.46962437e+01, 1.22771509e+03],\n",
      "         [5.33519286e+00, 3.28186920e+01, 4.62618354e+02,\n",
      "          2.16623041e+03, 1.21055336e+04],\n",
      "         [9.35762557e+00, 9.46962437e+01, 2.16623041e+03,\n",
      "          4.72541446e+03, 3.36375240e+04],\n",
      "         [4.20597059e+01, 1.22771509e+03, 1.21055336e+04,\n",
      "          3.36375240e+04, 4.86581720e+05]],\n",
      "\n",
      "        [[1.60498820e-01, 3.32754128e-01, 1.67617161e+00,\n",
      "          2.68257903e+00, 1.01897596e+01],\n",
      "         [3.32754128e-01, 2.71354126e+00, 1.62914952e+01,\n",
      "          4.91679044e+01, 4.62711558e+02],\n",
      "         [1.67617161e+00, 1.62914952e+01, 2.71475773e+02,\n",
      "          1.25694678e+03, 7.10638073e+03],\n",
      "         [2.68257903e+00, 4.91679044e+01, 1.25694678e+03,\n",
      "          3.32253678e+03, 1.69231724e+04],\n",
      "         [1.01897596e+01, 4.62711558e+02, 7.10638073e+03,\n",
      "          1.69231724e+04, 2.09462142e+05]],\n",
      "\n",
      "        ...,\n",
      "\n",
      "        [[2.19391872e-01, 4.05183362e-01, 1.97490379e+00,\n",
      "          5.30264938e+00, 8.91762323e+00],\n",
      "         [4.05183362e-01, 1.47938587e+00, 9.06844375e+00,\n",
      "          3.41277974e+01, 8.12069615e+01],\n",
      "         [1.97490379e+00, 9.06844375e+00, 8.38351355e+01,\n",
      "          4.94906512e+02, 1.36081185e+03],\n",
      "         [5.30264938e+00, 3.41277974e+01, 4.94906512e+02,\n",
      "          2.74478431e+03, 8.64418110e+03],\n",
      "         [8.91762323e+00, 8.12069615e+01, 1.36081185e+03,\n",
      "          8.64418110e+03, 2.97420789e+04]],\n",
      "\n",
      "        [[3.99213182e-01, 5.28832537e-01, 2.64270626e+00,\n",
      "          5.68768931e+00, 1.50392640e+01],\n",
      "         [5.28832537e-01, 1.57840995e+00, 9.38213017e+00,\n",
      "          2.50540808e+01, 8.58740697e+01],\n",
      "         [2.64270626e+00, 9.38213017e+00, 8.27157468e+01,\n",
      "          3.61612089e+02, 1.90460076e+03],\n",
      "         [5.68768931e+00, 2.50540808e+01, 3.61612089e+02,\n",
      "          2.00726910e+03, 6.64540814e+03],\n",
      "         [1.50392640e+01, 8.58740697e+01, 1.90460076e+03,\n",
      "          6.64540814e+03, 4.20748418e+04]],\n",
      "\n",
      "        [[6.50580357e-02, 1.04955577e-01, 4.21707644e-01,\n",
      "          1.05990300e+00, 2.59540739e+00],\n",
      "         [1.04955577e-01, 2.81652135e-01, 1.28294004e+00,\n",
      "          3.90525699e+00, 1.20149928e+01],\n",
      "         [4.21707644e-01, 1.28294004e+00, 7.87306396e+00,\n",
      "          3.55434797e+01, 1.63807440e+02],\n",
      "         [1.05990300e+00, 3.90525699e+00, 3.55434797e+01,\n",
      "          1.94189691e+02, 7.20879544e+02],\n",
      "         [2.59540739e+00, 1.20149928e+01, 1.63807440e+02,\n",
      "          7.20879544e+02, 4.77937648e+03]]],\n",
      "\n",
      "\n",
      "       [[[2.02787494e-01, 2.77885459e-01, 1.29198779e+00,\n",
      "          1.49240922e+00, 6.38986221e+00],\n",
      "         [2.77885459e-01, 1.41229588e+00, 6.65906628e+00,\n",
      "          1.29752138e+01, 1.66500106e+02],\n",
      "         [1.29198779e+00, 6.65906628e+00, 1.49162457e+02,\n",
      "          3.72980695e+02, 2.43417239e+03],\n",
      "         [1.49240922e+00, 1.29752138e+01, 3.72980695e+02,\n",
      "          7.05605592e+02, 3.63536773e+03],\n",
      "         [6.38986221e+00, 1.66500106e+02, 2.43417239e+03,\n",
      "          3.63536773e+03, 3.45840613e+04]],\n",
      "\n",
      "        [[1.09342125e-01, 2.49894885e-01, 8.97408798e-01,\n",
      "          1.15505896e+00, 3.86725748e+00],\n",
      "         [2.49894885e-01, 1.83933862e+00, 7.57800576e+00,\n",
      "          2.12971510e+01, 2.28474647e+02],\n",
      "         [8.97408798e-01, 7.57800576e+00, 1.45684080e+02,\n",
      "          4.43785940e+02, 1.92875750e+03],\n",
      "         [1.15505896e+00, 2.12971510e+01, 4.43785940e+02,\n",
      "          7.70808131e+02, 3.14046579e+03],\n",
      "         [3.86725748e+00, 2.28474647e+02, 1.92875750e+03,\n",
      "          3.14046579e+03, 2.23285884e+04]],\n",
      "\n",
      "        [[3.29835265e-01, 5.14972230e-01, 2.21839254e+00,\n",
      "          3.04491723e+00, 9.87859688e+00],\n",
      "         [5.14972230e-01, 2.30806690e+00, 1.19107290e+01,\n",
      "          2.16630186e+01, 1.61646520e+02],\n",
      "         [2.21839254e+00, 1.19107290e+01, 1.60039698e+02,\n",
      "          4.01472546e+02, 2.17615927e+03],\n",
      "         [3.04491723e+00, 2.16630186e+01, 4.01472546e+02,\n",
      "          9.82409398e+02, 4.45360032e+03],\n",
      "         [9.87859688e+00, 1.61646520e+02, 2.17615927e+03,\n",
      "          4.45360032e+03, 2.76357665e+04]],\n",
      "\n",
      "        ...,\n",
      "\n",
      "        [[2.34493685e-01, 3.13065880e-01, 1.43680364e+00,\n",
      "          1.93837118e+00, 7.53588928e+00],\n",
      "         [3.13065880e-01, 1.07971748e+00, 5.60994428e+00,\n",
      "          9.30457417e+00, 7.42771168e+01],\n",
      "         [1.43680364e+00, 5.60994428e+00, 5.64819912e+01,\n",
      "          1.67797748e+02, 1.04611333e+03],\n",
      "         [1.93837118e+00, 9.30457417e+00, 1.67797748e+02,\n",
      "          4.25736450e+02, 1.73734704e+03],\n",
      "         [7.53588928e+00, 7.42771168e+01, 1.04611333e+03,\n",
      "          1.73734704e+03, 1.63537694e+04]],\n",
      "\n",
      "        [[1.46791938e-01, 2.24876521e-01, 9.30457930e-01,\n",
      "          1.09966720e+00, 3.91360769e+00],\n",
      "         [2.24876521e-01, 7.38777002e-01, 4.00168766e+00,\n",
      "          6.27131300e+00, 5.61781901e+01],\n",
      "         [9.30457930e-01, 4.00168766e+00, 3.95059461e+01,\n",
      "          1.11536814e+02, 5.81071465e+02],\n",
      "         [1.09966720e+00, 6.27131300e+00, 1.11536814e+02,\n",
      "          2.45257913e+02, 9.21541940e+02],\n",
      "         [3.91360769e+00, 5.61781901e+01, 5.81071465e+02,\n",
      "          9.21541940e+02, 7.24208656e+03]],\n",
      "\n",
      "        [[6.61946080e-02, 1.05510779e-01, 4.16311387e-01,\n",
      "          4.87580576e-01, 2.63061477e+00],\n",
      "         [1.05510779e-01, 3.95594502e-01, 1.90221793e+00,\n",
      "          2.44860234e+00, 2.60720847e+01],\n",
      "         [4.16311387e-01, 1.90221793e+00, 1.36771388e+01,\n",
      "          3.41867251e+01, 2.78168216e+02],\n",
      "         [4.87580576e-01, 2.44860234e+00, 3.41867251e+01,\n",
      "          6.81270046e+01, 3.20954139e+02],\n",
      "         [2.63061477e+00, 2.60720847e+01, 2.78168216e+02,\n",
      "          3.20954139e+02, 6.02655674e+03]]],\n",
      "\n",
      "\n",
      "       ...,\n",
      "\n",
      "\n",
      "       [[[5.72053915e-01, 9.19831286e-01, 2.37117682e+00,\n",
      "          5.90081377e+00, 5.41566030e+00],\n",
      "         [9.19831286e-01, 5.85318883e+00, 1.56775556e+01,\n",
      "          7.35358601e+01, 3.07094860e+02],\n",
      "         [2.37117682e+00, 1.56775556e+01, 2.52601719e+02,\n",
      "          1.33995887e+03, 1.26559457e+03],\n",
      "         [5.90081377e+00, 7.35358601e+01, 1.33995887e+03,\n",
      "          3.67719314e+03, 6.08745561e+03],\n",
      "         [5.41566030e+00, 3.07094860e+02, 1.26559457e+03,\n",
      "          6.08745561e+03, 5.44468785e+03]],\n",
      "\n",
      "        [[2.63484779e+00, 3.25414891e+00, 9.74822166e+00,\n",
      "          1.56839369e+01, 1.93858776e+01],\n",
      "         [3.25414891e+00, 1.72046224e+01, 6.05441256e+01,\n",
      "          1.55088574e+02, 7.00612975e+02],\n",
      "         [9.74822166e+00, 6.05441256e+01, 6.71793616e+02,\n",
      "          3.21616297e+03, 4.42372530e+03],\n",
      "         [1.56839369e+01, 1.55088574e+02, 3.21616297e+03,\n",
      "          5.94512395e+03, 9.23792443e+03],\n",
      "         [1.93858776e+01, 7.00612975e+02, 4.42372530e+03,\n",
      "          9.23792443e+03, 1.22885270e+04]],\n",
      "\n",
      "        [[1.57797674e-01, 4.17960548e-01, 9.44646350e-01,\n",
      "          2.05713700e+00, 3.45564777e+00],\n",
      "         [4.17960548e-01, 5.62293960e+00, 1.76085337e+01,\n",
      "          1.10580554e+02, 1.01182401e+03],\n",
      "         [9.44646350e-01, 1.76085337e+01, 3.49254815e+02,\n",
      "          1.81406449e+03, 2.89220298e+03],\n",
      "         [2.05713700e+00, 1.10580554e+02, 1.81406449e+03,\n",
      "          3.54991010e+03, 1.05218409e+04],\n",
      "         [3.45564777e+00, 1.01182401e+03, 2.89220298e+03,\n",
      "          1.05218409e+04, 2.75269223e+04]],\n",
      "\n",
      "        ...,\n",
      "\n",
      "        [[3.46194442e-01, 4.31773075e-01, 1.99813164e+00,\n",
      "          3.78001673e+00, 6.64231435e+00],\n",
      "         [4.31773075e-01, 1.15278104e+00, 5.93129281e+00,\n",
      "          1.57101554e+01, 6.48867618e+01],\n",
      "         [1.99813164e+00, 5.93129281e+00, 9.83851490e+01,\n",
      "          3.25128651e+02, 1.19287544e+03],\n",
      "         [3.78001673e+00, 1.57101554e+01, 3.25128651e+02,\n",
      "          1.50259332e+03, 4.41190872e+03],\n",
      "         [6.64231435e+00, 6.48867618e+01, 1.19287544e+03,\n",
      "          4.41190872e+03, 1.24549403e+04]],\n",
      "\n",
      "        [[2.89240432e-01, 3.47004128e-01, 1.59715890e+00,\n",
      "          1.94448324e+00, 5.33371868e+00],\n",
      "         [3.47004128e-01, 1.09100893e+00, 5.63378283e+00,\n",
      "          9.17843542e+00, 5.75107644e+01],\n",
      "         [1.59715890e+00, 5.63378283e+00, 8.82649891e+01,\n",
      "          2.04378291e+02, 1.02860053e+03],\n",
      "         [1.94448324e+00, 9.17843542e+00, 2.04378291e+02,\n",
      "          5.11611150e+02, 1.88303392e+03],\n",
      "         [5.33371868e+00, 5.75107644e+01, 1.02860053e+03,\n",
      "          1.88303392e+03, 8.32916954e+03]],\n",
      "\n",
      "        [[4.61490030e-02, 6.79890843e-02, 3.11644653e-01,\n",
      "          4.56324291e-01, 1.28759149e+00],\n",
      "         [6.79890843e-02, 2.82845301e-01, 1.14002361e+00,\n",
      "          1.78422501e+00, 1.03042838e+01],\n",
      "         [3.11644653e-01, 1.14002361e+00, 1.44803804e+01,\n",
      "          3.58607550e+01, 1.65280090e+02],\n",
      "         [4.56324291e-01, 1.78422501e+00, 3.58607550e+01,\n",
      "          8.89787474e+01, 3.13366047e+02],\n",
      "         [1.28759149e+00, 1.03042838e+01, 1.65280090e+02,\n",
      "          3.13366047e+02, 1.34820403e+03]]],\n",
      "\n",
      "\n",
      "       [[[9.56091353e-02, 1.63795989e-01, 9.44580030e-01,\n",
      "          1.39163977e+00, 5.06367221e+00],\n",
      "         [1.63795989e-01, 9.84472273e-01, 5.69955778e+00,\n",
      "          1.35287722e+01, 1.35879555e+02],\n",
      "         [9.44580030e-01, 5.69955778e+00, 1.19441863e+02,\n",
      "          5.18359164e+02, 2.70019847e+03],\n",
      "         [1.39163977e+00, 1.35287722e+01, 5.18359164e+02,\n",
      "          1.26593505e+03, 5.03088118e+03],\n",
      "         [5.06367221e+00, 1.35879555e+02, 2.70019847e+03,\n",
      "          5.03088118e+03, 4.62938075e+04]],\n",
      "\n",
      "        [[7.59969275e-01, 7.22632899e-01, 3.62283661e+00,\n",
      "          5.15317177e+00, 1.92436935e+01],\n",
      "         [7.22632899e-01, 2.10916135e+00, 1.13150654e+01,\n",
      "          2.06922320e+01, 1.65661197e+02],\n",
      "         [3.62283661e+00, 1.13150654e+01, 1.59180606e+02,\n",
      "          6.42848196e+02, 3.36875275e+03],\n",
      "         [5.15317177e+00, 2.06922320e+01, 6.42848196e+02,\n",
      "          1.63381901e+03, 5.93994958e+03],\n",
      "         [1.92436935e+01, 1.65661197e+02, 3.36875275e+03,\n",
      "          5.93994958e+03, 6.32638732e+04]],\n",
      "\n",
      "        [[7.93393787e-02, 1.51908997e-01, 9.85690847e-01,\n",
      "          1.17974512e+00, 5.22554995e+00],\n",
      "         [1.51908997e-01, 9.13692016e-01, 6.37563738e+00,\n",
      "          1.16370161e+01, 1.28134269e+02],\n",
      "         [9.85690847e-01, 6.37563738e+00, 1.28870691e+02,\n",
      "          3.58772306e+02, 2.99463821e+03],\n",
      "         [1.17974512e+00, 1.16370161e+01, 3.58772306e+02,\n",
      "          1.04638380e+03, 4.14740658e+03],\n",
      "         [5.22554995e+00, 1.28134269e+02, 2.99463821e+03,\n",
      "          4.14740658e+03, 5.32085666e+04]],\n",
      "\n",
      "        ...,\n",
      "\n",
      "        [[1.08040341e+00, 1.14080125e+00, 4.22972461e+00,\n",
      "          7.26556245e+00, 1.58680797e+01],\n",
      "         [1.14080125e+00, 2.80408112e+00, 1.19232934e+01,\n",
      "          2.43499103e+01, 9.36725702e+01],\n",
      "         [4.22972461e+00, 1.19232934e+01, 1.08010931e+02,\n",
      "          3.48721323e+02, 1.21020455e+03],\n",
      "         [7.26556245e+00, 2.43499103e+01, 3.48721323e+02,\n",
      "          1.08895066e+03, 3.73702704e+03],\n",
      "         [1.58680797e+01, 9.36725702e+01, 1.21020455e+03,\n",
      "          3.73702704e+03, 1.21592421e+04]],\n",
      "\n",
      "        [[1.29337270e+00, 1.29430349e+00, 4.13023326e+00,\n",
      "          7.45082958e+00, 1.28267761e+01],\n",
      "         [1.29430349e+00, 3.06420520e+00, 1.19253318e+01,\n",
      "          2.49903075e+01, 6.29490436e+01],\n",
      "         [4.13023326e+00, 1.19253318e+01, 7.33325275e+01,\n",
      "          2.60047424e+02, 7.20048611e+02],\n",
      "         [7.45082958e+00, 2.49903075e+01, 2.60047424e+02,\n",
      "          9.54952773e+02, 2.08900359e+03],\n",
      "         [1.28267761e+01, 6.29490436e+01, 7.20048611e+02,\n",
      "          2.08900359e+03, 5.21187226e+03]],\n",
      "\n",
      "        [[8.06551783e-02, 1.21107181e-01, 4.24173344e-01,\n",
      "          6.95837865e-01, 1.66890204e+00],\n",
      "         [1.21107181e-01, 2.94886213e-01, 1.06269342e+00,\n",
      "          2.15164457e+00, 1.12792264e+01],\n",
      "         [4.24173344e-01, 1.06269342e+00, 8.47597571e+00,\n",
      "          2.85228981e+01, 1.04568296e+02],\n",
      "         [6.95837865e-01, 2.15164457e+00, 2.85228981e+01,\n",
      "          8.02577170e+01, 2.71525575e+02],\n",
      "         [1.66890204e+00, 1.12792264e+01, 1.04568296e+02,\n",
      "          2.71525575e+02, 1.18029037e+03]]],\n",
      "\n",
      "\n",
      "       [[[7.96606128e+00, 1.04258306e+01, 2.49082147e+01,\n",
      "          5.36465713e+01, 1.84553223e+02],\n",
      "         [1.04258306e+01, 3.21923751e+01, 9.45182311e+01,\n",
      "          2.70563579e+02, 1.59710765e+03],\n",
      "         [2.49082147e+01, 9.45182311e+01, 5.40021683e+02,\n",
      "          1.90342122e+03, 7.46990576e+03],\n",
      "         [5.36465713e+01, 2.70563579e+02, 1.90342122e+03,\n",
      "          5.17333249e+03, 2.95128410e+04],\n",
      "         [1.84553223e+02, 1.59710765e+03, 7.46990576e+03,\n",
      "          2.95128410e+04, 2.86427543e+05]],\n",
      "\n",
      "        [[6.38154097e+00, 7.96179683e+00, 1.94336765e+01,\n",
      "          4.75030687e+01, 1.59395990e+02],\n",
      "         [7.96179683e+00, 1.99331488e+01, 5.73745282e+01,\n",
      "          1.70432691e+02, 8.52882218e+02],\n",
      "         [1.94336765e+01, 5.73745282e+01, 2.76604940e+02,\n",
      "          1.19722049e+03, 4.68255328e+03],\n",
      "         [4.75030687e+01, 1.70432691e+02, 1.19722049e+03,\n",
      "          3.73284116e+03, 2.23523725e+04],\n",
      "         [1.59395990e+02, 8.52882218e+02, 4.68255328e+03,\n",
      "          2.23523725e+04, 2.21550502e+05]],\n",
      "\n",
      "        [[2.24326645e+00, 3.09517573e+00, 9.02904602e+00,\n",
      "          1.88706957e+01, 4.40687550e+01],\n",
      "         [3.09517573e+00, 1.78811560e+01, 6.58696555e+01,\n",
      "          2.83446437e+02, 1.52601829e+03],\n",
      "         [9.02904602e+00, 6.58696555e+01, 7.91540580e+02,\n",
      "          3.15721705e+03, 8.90410247e+03],\n",
      "         [1.88706957e+01, 2.83446437e+02, 3.15721705e+03,\n",
      "          9.34580665e+03, 2.42012485e+04],\n",
      "         [4.40687550e+01, 1.52601829e+03, 8.90410247e+03,\n",
      "          2.42012485e+04, 1.43141114e+05]],\n",
      "\n",
      "        ...,\n",
      "\n",
      "        [[7.64637962e-01, 9.95131766e-01, 2.31776315e+00,\n",
      "          4.53350376e+00, 1.75217661e+01],\n",
      "         [9.95131766e-01, 3.19279948e+00, 9.37563127e+00,\n",
      "          2.49983421e+01, 2.23241372e+02],\n",
      "         [2.31776315e+00, 9.37563127e+00, 6.38934586e+01,\n",
      "          2.37823805e+02, 1.08111673e+03],\n",
      "         [4.53350376e+00, 2.49983421e+01, 2.37823805e+02,\n",
      "          6.27561588e+02, 3.36123138e+03],\n",
      "         [1.75217661e+01, 2.23241372e+02, 1.08111673e+03,\n",
      "          3.36123138e+03, 4.01344566e+04]],\n",
      "\n",
      "        [[5.29092892e-01, 6.16379333e-01, 2.15758443e+00,\n",
      "          4.88747073e+00, 1.43652864e+01],\n",
      "         [6.16379333e-01, 2.08557257e+00, 8.21081005e+00,\n",
      "          2.28764596e+01, 1.49873614e+02],\n",
      "         [2.15758443e+00, 8.21081005e+00, 7.75074375e+01,\n",
      "          3.88207442e+02, 1.57819478e+03],\n",
      "         [4.88747073e+00, 2.28764596e+01, 3.88207442e+02,\n",
      "          1.42011517e+03, 6.23828351e+03],\n",
      "         [1.43652864e+01, 1.49873614e+02, 1.57819478e+03,\n",
      "          6.23828351e+03, 4.35309280e+04]],\n",
      "\n",
      "        [[6.20503812e-02, 1.33086813e-01, 3.54694567e-01,\n",
      "          1.07545637e+00, 2.76503207e+00],\n",
      "         [1.33086813e-01, 5.30951165e-01, 1.51626851e+00,\n",
      "          5.46402547e+00, 3.06068697e+01],\n",
      "         [3.54694567e-01, 1.51626851e+00, 7.60127307e+00,\n",
      "          5.47356907e+01, 1.66449238e+02],\n",
      "         [1.07545637e+00, 5.46402547e+00, 5.47356907e+01,\n",
      "          2.18214852e+02, 1.01526886e+03],\n",
      "         [2.76503207e+00, 3.06068697e+01, 1.66449238e+02,\n",
      "          1.01526886e+03, 6.40356534e+03]]]])>, <tf.Tensor: shape=(32,), dtype=int32, numpy=\n",
      "array([0, 0, 0, 1, 1, 0, 0, 0, 1, 0, 1, 1, 1, 0, 0, 1, 0, 1, 1, 0, 0, 1,\n",
      "       1, 1, 1, 0, 1, 1, 1, 1, 0, 1])>)\n",
      "(<tf.Tensor: shape=(32, 61, 5, 5), dtype=float64, numpy=\n",
      "array([[[[3.51875916e+00, 4.43210875e+00, 1.49536321e+01,\n",
      "          2.05204645e+01, 1.01467875e+02],\n",
      "         [4.43210875e+00, 1.73585446e+01, 7.30496184e+01,\n",
      "          1.46747842e+02, 1.56129757e+03],\n",
      "         [1.49536321e+01, 7.30496184e+01, 6.89297577e+02,\n",
      "          2.02388235e+03, 1.35574487e+04],\n",
      "         [2.05204645e+01, 1.46747842e+02, 2.02388235e+03,\n",
      "          4.11573962e+03, 2.44877129e+04],\n",
      "         [1.01467875e+02, 1.56129757e+03, 1.35574487e+04,\n",
      "          2.44877129e+04, 4.41347229e+05]],\n",
      "\n",
      "        [[6.47809925e-01, 2.03133557e+00, 5.66707445e+00,\n",
      "          8.08090600e+00, 3.49491609e+01],\n",
      "         [2.03133557e+00, 2.33706952e+01, 8.58082668e+01,\n",
      "          2.15039838e+02, 2.74531892e+03],\n",
      "         [5.66707445e+00, 8.58082668e+01, 9.31023536e+02,\n",
      "          2.60010979e+03, 1.30635781e+04],\n",
      "         [8.08090600e+00, 2.15039838e+02, 2.60010979e+03,\n",
      "          4.79718215e+03, 2.49771856e+04],\n",
      "         [3.49491609e+01, 2.74531892e+03, 1.30635781e+04,\n",
      "          2.49771856e+04, 3.49827795e+05]],\n",
      "\n",
      "        [[1.25138764e+01, 1.39815186e+01, 6.07431725e+01,\n",
      "          6.09811681e+01, 2.73534032e+02],\n",
      "         [1.39815186e+01, 4.28044522e+01, 2.24524722e+02,\n",
      "          3.04695734e+02, 2.43897079e+03],\n",
      "         [6.07431725e+01, 2.24524722e+02, 2.23666976e+03,\n",
      "          5.09853030e+03, 4.17398134e+04],\n",
      "         [6.09811681e+01, 3.04695734e+02, 5.09853030e+03,\n",
      "          1.13722339e+04, 4.00058193e+04],\n",
      "         [2.73534032e+02, 2.43897079e+03, 4.17398134e+04,\n",
      "          4.00058193e+04, 5.74799372e+05]],\n",
      "\n",
      "        ...,\n",
      "\n",
      "        [[1.36027746e+00, 1.69198938e+00, 6.09263228e+00,\n",
      "          9.47269835e+00, 1.84208935e+01],\n",
      "         [1.69198938e+00, 5.72037241e+00, 2.42687389e+01,\n",
      "          5.38211857e+01, 2.43770079e+02],\n",
      "         [6.09263228e+00, 2.42687389e+01, 2.17037958e+02,\n",
      "          9.75219968e+02, 2.81222245e+03],\n",
      "         [9.47269835e+00, 5.38211857e+01, 9.75219968e+02,\n",
      "          2.57291843e+03, 5.30416772e+03],\n",
      "         [1.84208935e+01, 2.43770079e+02, 2.81222245e+03,\n",
      "          5.30416772e+03, 1.94940051e+04]],\n",
      "\n",
      "        [[1.84109984e+00, 2.68342878e+00, 1.00234411e+01,\n",
      "          1.37780275e+01, 2.72377384e+01],\n",
      "         [2.68342878e+00, 1.09215348e+01, 4.93503727e+01,\n",
      "          8.78526301e+01, 4.11451915e+02],\n",
      "         [1.00234411e+01, 4.93503727e+01, 4.14409414e+02,\n",
      "          1.64952145e+03, 4.70589713e+03],\n",
      "         [1.37780275e+01, 8.78526301e+01, 1.64952145e+03,\n",
      "          3.84175036e+03, 7.30176830e+03],\n",
      "         [2.72377384e+01, 4.11451915e+02, 4.70589713e+03,\n",
      "          7.30176830e+03, 2.58826982e+04]],\n",
      "\n",
      "        [[9.37655437e-02, 2.20906471e-01, 7.65689412e-01,\n",
      "          1.17026854e+00, 2.78129485e+00],\n",
      "         [2.20906471e-01, 1.18143237e+00, 4.63096365e+00,\n",
      "          9.08563271e+00, 4.88653063e+01],\n",
      "         [7.65689412e-01, 4.63096365e+00, 3.61471165e+01,\n",
      "          1.23696468e+02, 3.81757307e+02],\n",
      "         [1.17026854e+00, 9.08563271e+00, 1.23696468e+02,\n",
      "          2.77406695e+02, 7.58060713e+02],\n",
      "         [2.78129485e+00, 4.88653063e+01, 3.81757307e+02,\n",
      "          7.58060713e+02, 3.21126038e+03]]],\n",
      "\n",
      "\n",
      "       [[[2.10614717e+00, 2.80249703e+00, 1.41333177e+01,\n",
      "          2.24203566e+01, 4.57764784e+01],\n",
      "         [2.80249703e+00, 1.35037949e+01, 8.13872769e+01,\n",
      "          2.13830246e+02, 1.14610823e+03],\n",
      "         [1.41333177e+01, 8.13872769e+01, 1.49138167e+03,\n",
      "          6.44916821e+03, 1.98564372e+04],\n",
      "         [2.24203566e+01, 2.13830246e+02, 6.44916821e+03,\n",
      "          2.04441431e+04, 4.12979895e+04],\n",
      "         [4.57764784e+01, 1.14610823e+03, 1.98564372e+04,\n",
      "          4.12979895e+04, 1.75899911e+05]],\n",
      "\n",
      "        [[7.14542999e-01, 1.10142285e+00, 6.91178586e+00,\n",
      "          1.23450297e+01, 2.40826370e+01],\n",
      "         [1.10142285e+00, 7.21056056e+00, 4.89139651e+01,\n",
      "          1.49561623e+02, 8.39897396e+02],\n",
      "         [6.91178586e+00, 4.89139651e+01, 1.24623400e+03,\n",
      "          6.48825205e+03, 1.94457773e+04],\n",
      "         [1.23450297e+01, 1.49561623e+02, 6.48825205e+03,\n",
      "          2.39541272e+04, 5.09140273e+04],\n",
      "         [2.40826370e+01, 8.39897396e+02, 1.94457773e+04,\n",
      "          5.09140273e+04, 1.91968319e+05]],\n",
      "\n",
      "        [[4.95253451e-01, 1.43938349e+00, 7.94819667e+00,\n",
      "          1.36494944e+01, 3.21782843e+01],\n",
      "         [1.43938349e+00, 1.40133321e+01, 9.46928934e+01,\n",
      "          2.34008040e+02, 1.17666989e+03],\n",
      "         [7.94819667e+00, 9.46928934e+01, 1.16982302e+03,\n",
      "          6.69457537e+03, 2.25788557e+04],\n",
      "         [1.36494944e+01, 2.34008040e+02, 6.69457537e+03,\n",
      "          1.84941097e+04, 5.08202564e+04],\n",
      "         [3.21782843e+01, 1.17666989e+03, 2.25788557e+04,\n",
      "          5.08202564e+04, 2.47825134e+05]],\n",
      "\n",
      "        ...,\n",
      "\n",
      "        [[1.51143509e+00, 1.55337585e+00, 5.27671733e+00,\n",
      "          1.70676422e+01, 3.01829139e+01],\n",
      "         [1.55337585e+00, 6.79921767e+00, 2.73733496e+01,\n",
      "          1.49187275e+02, 7.43385720e+02],\n",
      "         [5.27671733e+00, 2.73733496e+01, 3.88477659e+02,\n",
      "          2.74372580e+03, 6.44344156e+03],\n",
      "         [1.70676422e+01, 1.49187275e+02, 2.74372580e+03,\n",
      "          1.26781839e+04, 4.76310352e+04],\n",
      "         [3.01829139e+01, 7.43385720e+02, 6.44344156e+03,\n",
      "          4.76310352e+04, 1.43966941e+05]],\n",
      "\n",
      "        [[3.05080139e-01, 5.21519473e-01, 1.69613945e+00,\n",
      "          6.66405107e+00, 1.19740888e+01],\n",
      "         [5.21519473e-01, 4.47374507e+00, 1.79932520e+01,\n",
      "          1.84773012e+02, 1.05193540e+03],\n",
      "         [1.69613945e+00, 1.79932520e+01, 3.74592613e+02,\n",
      "          3.46748992e+03, 7.33990644e+03],\n",
      "         [6.66405107e+00, 1.84773012e+02, 3.46748992e+03,\n",
      "          1.50104062e+04, 7.70270850e+04],\n",
      "         [1.19740888e+01, 1.05193540e+03, 7.33990644e+03,\n",
      "          7.70270850e+04, 2.60263591e+05]],\n",
      "\n",
      "        [[2.22511540e-01, 4.15471781e-01, 1.32294637e+00,\n",
      "          2.40176444e+00, 4.49771130e+00],\n",
      "         [4.15471781e-01, 1.97584645e+00, 6.91982351e+00,\n",
      "          1.82100124e+01, 9.12296614e+01],\n",
      "         [1.32294637e+00, 6.91982351e+00, 6.65931649e+01,\n",
      "          2.80350307e+02, 6.47939052e+02],\n",
      "         [2.40176444e+00, 1.82100124e+01, 2.80350307e+02,\n",
      "          6.34060009e+02, 1.76035455e+03],\n",
      "         [4.49771130e+00, 9.12296614e+01, 6.47939052e+02,\n",
      "          1.76035455e+03, 5.19559964e+03]]],\n",
      "\n",
      "\n",
      "       [[[1.91575768e+02, 2.34817573e+02, 4.36463892e+02,\n",
      "          5.35727753e+02, 5.24464285e+03],\n",
      "         [2.34817573e+02, 7.26188164e+02, 1.59310477e+03,\n",
      "          2.81535585e+03, 6.85870948e+04],\n",
      "         [4.36463892e+02, 1.59310477e+03, 6.94979042e+03,\n",
      "          2.10716043e+04, 2.11641157e+05],\n",
      "         [5.35727753e+02, 2.81535585e+03, 2.10716043e+04,\n",
      "          2.63398685e+04, 2.18404173e+05],\n",
      "         [5.24464285e+03, 6.85870948e+04, 2.11641157e+05,\n",
      "          2.18404173e+05, 2.38227298e+07]],\n",
      "\n",
      "        [[1.31044922e+02, 1.49952065e+02, 4.42108280e+02,\n",
      "          2.84962710e+02, 3.19256594e+03],\n",
      "         [1.49952065e+02, 5.00218686e+02, 1.72132892e+03,\n",
      "          1.64376853e+03, 5.38055422e+04],\n",
      "         [4.42108280e+02, 1.72132892e+03, 2.01907179e+04,\n",
      "          2.18946808e+04, 3.59768497e+05],\n",
      "         [2.84962710e+02, 1.64376853e+03, 2.18946808e+04,\n",
      "          2.21170705e+04, 1.81043822e+05],\n",
      "         [3.19256594e+03, 5.38055422e+04, 3.59768497e+05,\n",
      "          1.81043822e+05, 1.63218205e+07]],\n",
      "\n",
      "        [[1.63064460e+01, 2.13055078e+01, 5.97648982e+01,\n",
      "          6.75931082e+01, 4.85911259e+02],\n",
      "         [2.13055078e+01, 7.21713103e+01, 2.39812651e+02,\n",
      "          3.58499708e+02, 4.86458761e+03],\n",
      "         [5.97648982e+01, 2.39812651e+02, 1.43799853e+03,\n",
      "          3.65335559e+03, 3.57863077e+04],\n",
      "         [6.75931082e+01, 3.58499708e+02, 3.65335559e+03,\n",
      "          6.24914630e+03, 3.85321342e+04],\n",
      "         [4.85911259e+02, 4.86458761e+03, 3.57863077e+04,\n",
      "          3.85321342e+04, 1.64418250e+06]],\n",
      "\n",
      "        ...,\n",
      "\n",
      "        [[4.77139259e-01, 6.74789404e-01, 2.16362359e+00,\n",
      "          4.84278386e+00, 1.67467930e+01],\n",
      "         [6.74789404e-01, 3.28042477e+00, 1.23408828e+01,\n",
      "          5.25066609e+01, 5.81016796e+02],\n",
      "         [2.16362359e+00, 1.23408828e+01, 1.58963229e+02,\n",
      "          7.90680547e+02, 3.45990339e+03],\n",
      "         [4.84278386e+00, 5.25066609e+01, 7.90680547e+02,\n",
      "          2.50190847e+03, 1.38464530e+04],\n",
      "         [1.67467930e+01, 5.81016796e+02, 3.45990339e+03,\n",
      "          1.38464530e+04, 1.41354901e+05]],\n",
      "\n",
      "        [[6.66311450e-01, 9.15448533e-01, 3.43033388e+00,\n",
      "          8.42741311e+00, 1.96471757e+01],\n",
      "         [9.15448533e-01, 4.18748365e+00, 2.06613678e+01,\n",
      "          9.11973947e+01, 6.59915447e+02],\n",
      "         [3.43033388e+00, 2.06613678e+01, 3.41094741e+02,\n",
      "          1.58144644e+03, 5.50571466e+03],\n",
      "         [8.42741311e+00, 9.11973947e+01, 1.58144644e+03,\n",
      "          6.06152293e+03, 2.86570655e+04],\n",
      "         [1.96471757e+01, 6.59915447e+02, 5.50571466e+03,\n",
      "          2.86570655e+04, 1.43901536e+05]],\n",
      "\n",
      "        [[3.65960495e-01, 4.38375612e-01, 1.28304080e+00,\n",
      "          3.09587444e+00, 1.02538859e+01],\n",
      "         [4.38375612e-01, 1.45744390e+00, 5.68270732e+00,\n",
      "          1.93891901e+01, 1.49052648e+02],\n",
      "         [1.28304080e+00, 5.68270732e+00, 4.70973449e+01,\n",
      "          2.04633984e+02, 8.67447952e+02],\n",
      "         [3.09587444e+00, 1.93891901e+01, 2.04633984e+02,\n",
      "          7.04883426e+02, 4.15022528e+03],\n",
      "         [1.02538859e+01, 1.49052648e+02, 8.67447952e+02,\n",
      "          4.15022528e+03, 3.75887696e+04]]],\n",
      "\n",
      "\n",
      "       ...,\n",
      "\n",
      "\n",
      "       [[[1.44728211e-01, 3.38938333e-01, 1.25748631e+00,\n",
      "          2.19899895e+00, 7.21791813e+00],\n",
      "         [3.38938333e-01, 3.62784958e+00, 1.50839412e+01,\n",
      "          4.83656142e+01, 6.50555799e+02],\n",
      "         [1.25748631e+00, 1.50839412e+01, 3.15362486e+02,\n",
      "          1.21738024e+03, 4.82578441e+03],\n",
      "         [2.19899895e+00, 4.83656142e+01, 1.21738024e+03,\n",
      "          2.49587089e+03, 1.47301156e+04],\n",
      "         [7.21791813e+00, 6.50555799e+02, 4.82578441e+03,\n",
      "          1.47301156e+04, 1.13537545e+05]],\n",
      "\n",
      "        [[3.76418975e-01, 5.19585045e-01, 2.27128097e+00,\n",
      "          3.80213347e+00, 1.26471851e+01],\n",
      "         [5.19585045e-01, 2.38984852e+00, 1.25939996e+01,\n",
      "          4.07467677e+01, 3.90503522e+02],\n",
      "         [2.27128097e+00, 1.25939996e+01, 2.22287868e+02,\n",
      "          8.61546571e+02, 4.66958734e+03],\n",
      "         [3.80213347e+00, 4.07467677e+01, 8.61546571e+02,\n",
      "          2.48213560e+03, 1.29781914e+04],\n",
      "         [1.26471851e+01, 3.90503522e+02, 4.66958734e+03,\n",
      "          1.29781914e+04, 1.32811685e+05]],\n",
      "\n",
      "        [[2.92347656e+00, 3.53941372e+00, 8.75445207e+00,\n",
      "          1.20892454e+01, 4.76410131e+01],\n",
      "         [3.53941372e+00, 1.97510624e+01, 6.58460692e+01,\n",
      "          1.83171125e+02, 1.74649617e+03],\n",
      "         [8.75445207e+00, 6.58460692e+01, 6.26249441e+02,\n",
